000005.SZ,000005,ST星源,10004089,通用,2023-03-31 00:00:00,一季报,2023一季报,058001001,2023-04-29 00:00:00,2023-04-29 00:00:00,CNY,,210860708.14,148078172.28,,,,,,,,,,,0,,,,,,,680954739.69,125557854.1,,426651271.17,13886972.08,,,0,,0,,,,48842172.66,1033826.72,,,,,,6.59,,0,,,,,533000.0,21920401.44,,,,,,,16616496.06,,,,,50403580.61,,,,,12144700.49,20122611.81,2798538.93,,0,,,,,,494193943.13,16250000,,6267039.78,290520000,,94649239.33,23289168.75,,0,,10214775.19,0,,216888304.61,152103172.28,6027596.47,4025000.0,,-128501820.68,,6557121.26,42082323.4,16284000,,,29940.0,,,,,0,,,,,453993483.85,,,,13740474.99,,,,,,,,1058536842,,,82000000.0,,,10904296.78,,149519070.67,178253926.52,2524213136.75,1424996624.23,745696272.38,1304441014.87,2524213136.75,1219772121.88,1099216512.52,474075849.5,191465673.8,764664385.19,1209791775.54,,25313330.1,,,,-550717056.14,,8458472.93,,-3.5887542096,-10.0027845511,,,,,,,,,,,,,,,,,,0.0,13.4712941484,,-9.1825604571,82.1710604783,,,,,,,,,17.5313286552,-32.4872573155,,,,,,0.0,,,,,,,-15.5576679341,,-12.6755262928,,,,,,-62.5691728506,,,,,-7.1653739908,,,,,-14.1535694334,-5.141437065,-64.0282042668,,,,,,,,-1.2812658821,-7.1428571429,,-12.9208416125,0.0,,-5.3296274217,-60.8586777,,,,-46.7377500224,,,-4.9061220896,-7.5565172411,-35.6605767233,,,-4.5506736319,,-25.4552360963,5.3818803349,0,,,,,,,,,,,,,871.432835655,,,,4.6913965351,,,,,,,,0,,,-32.1753515302,,,2.9815918926,,0,-16.0449308789,6.6650923995,14.8160602863,-8.7444627538,-11.6105057707,6.6650923995,36.9457455683,-2.3241735186,544.6017779732,7.2456408219,57.5738998627,-12.0669261743,0.0,,,,,-41.1037516969,,-37.5883841438,,,0
000005.SZ,000005,ST星源,10004089,通用,2022-12-31 00:00:00,年报,2022年报,058001001,2023-04-29 00:00:00,2023-04-29 00:00:00,CNY,,276613087.97,159159436.91,,,,,,,,,,,0,,,,,,,680954739.69,128546119.31,,447112305.13,12303705.37,,,0,,0,,,,50118181.56,1207036.45,,,,,,6.59,,0,,,,,3533004.31,22805501.39,,,,,,,16616496.06,,,,,50947004.85,,,,,10942278.38,20518653.28,3275961.13,,0,,,,,,494193943.13,16500000,,6823593.11,290520000,,95893654.85,75991545.02,,0,,9970555.87,0,,284620417.04,163184436.91,8007329.07,4025000.0,,-128501820.68,,6391314.81,46488484.59,16284000,,,29940.0,,,,,0,,,,,453993483.85,,,,15651651.32,,,,,,,,1058536842,,,86589027.78,,,10703327.01,,149519070.67,177455105.76,2602189919.9,1494236037.77,818725995.25,1308487443.22,2602189919.9,1293702476.68,1107953882.13,474976481.43,190595371.83,746116171.79,1212593788.37,,25313330.1,,,,-547915043.31,,10550449.44,,8.4263718403,-1.9723161427,,,,,,,,,,,,,,,,,,0.0,16.8446288235,,-13.2394083423,61.4725270942,,,,,,,,,10.5609072843,-25.3779641897,,,,,,0.0,,,,,,,-50.5406599237,,-12.2630344227,,,,,,-62.5691728506,,,,,-7.9437832608,,,,,-25.5352301924,-5.0472081754,-63.7607477373,,,,,,,,-1.2812658821,-5.7142857143,,-14.4103552948,0.0,,-4.9942818075,-40.90018228,,,,-51.9209340316,,,7.8696444224,0.4448515656,-8.3812444721,3925.0,,-4.5506736319,,-28.1317827174,-13.321798947,0,,,,,,,,,,,,,635.6640939824,,,,3.4040962006,,,,,,,,0,,,-40.574183021,,,2.7643025486,,0,-18.4297735274,5.1654415593,11.6652602463,-9.9637246766,-11.299748449,5.1654415593,29.4740279558,-2.4893396178,428.5185254154,0.4145765774,61.9969173584,-11.762868305,0.0,,,,,-39.825016898,,-41.9365078149,保留意见,,0
000005.SZ,000005,ST星源,10004089,通用,2022-09-30 00:00:00,三季报,2022三季报,058001001,2022-10-31 00:00:00,2022-10-31 00:00:00,CNY,,245384333.77,157593591.8,,,,,,,,,,,0,,,,,,,680954739.69,127946178.47,,487866797.22,15173575.83,,,0,,0,,,,45344113.37,1361033.53,,,,,,6.59,,0,,,,,7221876.0,23300122.51,,,,,,,44392543.06,,,,,52062954.08,,,,,14447508.45,20383198.27,3095766.79,,0,,,,,,499582871.4,17250000,,7406164.28,290520000,,98330584.1,22945031.6,,0,,21356918.65,0,,253690304.8,157948591.8,8305971.03,355000.0,,-123947113.0,,5225305.14,51726957.77,16284000,,,,,,,,0,,,,,34116491.25,,,,15962423.19,,,,,,,,1058536842,,,111600000.0,,,10808156.89,,149519070.67,175919930.66,2359511480.41,1221186080.19,822080627.21,1481607561.63,2359511480.41,877903918.78,1138325400.22,55823291.57,181804782.61,484255216.69,1383276977.53,,25313330.1,,,,-381786561.83,,11103254.78,,-14.0218732354,-19.3969943299,,,,,,,,,,,,,,,,,,-1.067229523,29.286070356,,-3.2327945335,-19.0435142759,,,,,,,,,7.6552700214,-20.0476599373,,,,,,0.0,,,,,,,-10.126849506,,-9.3255862201,,,,,,-22.6548926705,,,,,-7.9919807448,,,,,-22.0190601131,-9.8039823172,-58.6735575193,,,,,,,,4.6150303871,165.3846153846,,33.872591841,-5.9549597978,,9.1342796534,-84.1512455929,,,,4171.38373,,,-12.6899462457,-19.2154256082,60.9895185689,,,0.1113148928,,237.9850582589,32.2492033751,0,,,,,,,,,,,,,27.3821902917,,,,-57.6143779424,,,,,,,,0,,,-44.9066187579,,,-2.8360106255,,0,-2.6356176005,-5.0873683054,-10.6754653894,-10.4838306031,-2.8547413382,-5.0873683054,-8.6312438996,1.7407920787,31.4228494461,3.8466373746,12.2017261349,-3.6074819195,-1.28786e-05,,,,,-13.2141400081,,53.9298064774,,,0
000005.SZ,000005,ST星源,10004089,通用,2022-06-30 00:00:00,中报,2022中报,058001001,2022-08-27 00:00:00,2022-08-27 00:00:00,CNY,,250699383.7,158206154.85,,,,,,,,,,,0,,,,,,,680954739.69,120330110.68,,473669292.05,7213921.76,,,0,,0,,,,45648580.57,1374452.82,,,,,,6.59,,0,,,,,10275665.36,24120892.21,,,,,,,44392543.06,,,,,53177653.32,,,,,13624503.23,20791905.74,5495076.87,,0,,,,,,500101225.04,17250000,,7582743.16,290520000,,98377455.54,75596141.13,,0,,20421965.22,0,,258474452.23,158406154.85,7775068.53,200000.0,,-120196497.5,,5944511.5,53110923.38,16284000,,,,,,,,0,,,,,46734418.19,,,,18142245.1,,,,,,,,1058536842,,,111750000.0,,,10834099.63,,149519070.67,177993142.16,2370547651.44,1234148607.51,817643273.52,1482050430.04,2370547651.44,888497221.4,1136399043.93,70853947.88,177844769.14,453176764.19,1383672974.5,,25313330.1,,,,-385141180.36,,13449390.15,,8.9595033705,-29.02470171,,,,,,,,,,,,,,,,,,-1.067229523,41.1401366391,,11.8710971867,-70.6020359874,,,,,,,,,8.1929774383,-26.1001883464,,,,,,0.0,,,,,,,58.480221298,,-9.3575571152,,,,,,-22.6548926705,,,,,-7.8308214981,,,,,-18.4830031947,-9.5800456405,-37.8427916291,,,,,,,,4.4830280087,165.3846153846,,31.0535506541,-6.0546973143,,7.3899048236,-35.7572398387,,,,393.3457855484,,,10.5205375771,-28.9349766315,105.4099763378,,,3.7271937942,,73.6443016481,55.0442828287,0,,,,,,,,,,,,,117135.731392249,,,,-58.0432682412,,,,,,,,0,,,-49.000214487,,,-15.6310422631,,0,-1.1141395602,-2.3052605195,-6.2003474964,-7.5406455792,-2.8110641604,-2.3052605195,-1.4497412401,2.308602322,310.9771663084,1.2984999518,-0.504709398,-3.4630433,-1.28786e-05,,,,,-13.8805809612,,55.4073042462,,,0
000005.SZ,000005,ST星源,10004089,通用,2022-03-31 00:00:00,一季报,2022一季报,058001001,2022-04-27 00:00:00,2022-04-27 00:00:00,CNY,,218709660.28,164536393.2,,,,,,,,,,,0,,,,,,,680954739.69,110651645.46,,469790024.16,7623039.6,,,0,,0,,,,41556726.38,1531306.06,,,,,,6.59,,0,,,,,631200.0,25102242.83,,,,,,,44392543.06,,,,,54293944.81,,,,,14147006.94,21213279.21,7779814.36,,0,,,,,,500608063.45,17500000,,7196945.74,290520000,,99977677.02,59500209.45,,0,,19178264.52,0,,228078094.38,164536393.2,9368434.1,,,-122908649.19,,8796219.77,39933168.08,16284000,,,,,,,,0,,,,,46734418.19,,,,13124741.33,,,,,,,,1058536842,,,120900000.0,,,10588588.29,,149519070.67,212320623.86,2366484742.07,1241112628.91,817151807.86,1475787395.6,2366484742.07,890697346.47,1125372113.16,73545538.61,178530029.13,485273503.96,1375809718.58,,25313330.1,,,,-390292284.59,,13552722.22,,4.8608606046,-50.6313945227,,,,,,,,,,,,,,,,,,-1.067229523,44.8924496932,,11.0559368694,-40.393908504,,,,,,,,,2.6563113897,-33.2781937643,,,,,,,,,,,,,-95.3671488175,,-9.1348226241,,,,,,-22.6548926705,,,,,-9.4821318587,,,,,-32.618388703,-9.3586244798,-23.3696840997,,,,,,,,4.3416814035,159.2592592593,,15.1284775029,-6.3737901958,,7.8569549695,-25.0244653035,,,,331.6307303067,,,2.9895501997,-50.6313945227,-27.2987672994,,,1.6215596463,,74.3234171557,-20.3440453961,0,,,,,,,,,,,,,117135.731392249,,,,-74.6842154964,,,,,,,,0,,,-59.4159113797,,,-16.6416644391,,0,24.5091707655,-1.5614227286,-4.3742655313,-21.7111032992,10.049640163,-1.5614227286,-16.2092458824,1.7390284268,282.3065301277,-34.7988491077,40.9093751322,10.212458565,3.98999e-05,,,,,25.3881366536,,63.8834125203,,,0
000005.SZ,000005,ST星源,10004089,通用,2021-12-31 00:00:00,年报,2021年报,058001001,2022-04-27 00:00:00,2023-04-29 00:00:00,CNY,,255116060.12,162361723.39,,,,,,,,,,,0,,,,,,,680954739.69,110014572.86,,515340313.6,7619689.61,,,0,,0,,,,45330834.19,1617533.53,,,,,,6.59,,0,,,,,7143250.0,25993036.39,,,,,,,44392543.06,,,,,55343361.54,,,,,14694570.88,21609320.68,9039814.36,,0,,,,,,500608063.45,17500000,,7972451.73,290520000.0,,100934613.91,128581691.03,,0,,20737831.88,0,,263855896.22,162461723.39,8739836.1,100000.0,,-122908649.19,,8893103.31,53633421.12,16284000,,,,,,,,0,,,,,61712062.28,,,,15136393.91,,,,,,,,1058536842,,,145709444.45,,,10415413.47,,149519070.67,217548869.77,2474377401.28,1338138678.47,909329036.89,1475178954.22,2474377401.28,999198447.06,1136238722.81,89869410.17,189808470.37,460574302.25,1374244340.31,,25313330.1,,,,-391857662.86,,18170538.91,,-19.9470120412,-48.8504009469,,,,,,,,,,,,,,,,,,0.0030907415,44.3433842548,,20.8482237742,-37.3801614565,,,,,,,,,7.4398778568,-20.3533375718,,,,,,0.0,,,,,,,-70.886681912,,-8.0295468535,,,,,,-22.6548926705,,,,,-7.73256355,,,,,8.1071695526,-9.2511864446,,,,,,,,,5.9687893429,-31.3725490196,,20.0004570657,-6.0546973143,,8.8136220362,-6.972761514,,,,261.0918946744,,,-21.0524490204,-48.8188974632,-43.7326692124,,,1.6215596463,,253.6106383899,5.4891939988,0,,,,,,,,,,,,,154707.93465121,,,,-47.0590033923,,,,,,,,0,,,-48.2382080107,,,-22.6410626003,,0,23.6286959542,0.8798980387,-1.6329404959,-17.281439126,11.2570238271,0.8798980387,-11.3301796932,4.0089824571,225.95924618,-15.7907119611,20.3453923029,11.4408181455,-1.28786e-05,,,,,26.1891510187,,,保留意见,,0
000005.SZ,000005,ST星源,10004089,通用,2021-09-30 00:00:00,三季报,2021三季报,058001001,2021-10-29 00:00:00,2021-10-29 00:00:00,CNY,,285403210.1,195518257.03,,,,,,,,,,,0,,,,,,,688300485.68,98963622.39,,504165429.67,18742878.59,,,0,,0,,,,42119734.0,1702306.06,,,,,,6.59,,0,,,,,8035632.4,25696468.87,,,,,,,57395412.06,,,,,56585235.18,959522.24,,,,18526973.99,22598778.52,7491007.22,,0,,,,,,477544067.57,6500000,,5532248.37,308915812.44,,90100548.07,144774983.64,,0,,500000.0,0,,290562534.2,195518257.03,5159324.1,,,-124085238.35,,1546016.61,39113247.15,16284000,,,,,,,,0,,,,,26782779.58,,,,37659995.1,,,,,,,,1058536842,,,202565167.51,,,11123624.05,,149519070.67,180682017.72,2485982569.74,1367133996.85,918359926.2,1525146550.68,2485982569.74,960836019.06,1118848572.89,42476092.86,175070456.98,431593375.05,1435046002.61,,25313333.36,,,,-337225157.39,,7213193.49,,-1.9609233339,-43.6955234256,,,,,,,,,,,,,,,,,,0.0,53.4285773114,,18.3237016978,-73.1815804811,,,,,,,,,4.0470919104,513.8726503128,,,,,,0.0,,,,,,,,,-8.7272778496,,,,,,-74.4802323688,,,,,32.8590387811,-56.1733154424,,,,-52.8558349042,-6.6973607105,,,,,,,,,112.4472734985,-18.75,,-16.0406565521,-59.1179831571,,-1.8418848638,130.3953665159,,,,-58.0677864088,,,-5.5133258234,-44.2594274366,-68.5507901294,,,-21.6115133231,,-54.2252263258,-31.3716550959,0,,,,,,,,,,,,,0.46894019,,,,-79.4230309579,,,,,,,,0,,,-34.7616207697,,,-35.8749365127,,0,6.1315350793,-15.419295902,-9.5240840057,-22.5910465298,-11.0456806585,-15.419295902,-21.5423896874,-21.6567556324,10.955948326,-30.718335035,8.1400734537,-11.5662998462,0.004003426,,,,,-96.534539126,,,,,0
000005.SZ,000005,ST星源,10004089,通用,2021-06-30 00:00:00,中报,2021中报,058001001,2021-08-27 00:00:00,2021-08-27 00:00:00,CNY,,230084917.74,222903120.75,,,,,,,,,,,0,,,,,,,688300485.68,85255770.29,,423406316.7,24538848.19,,,0,,0,,,,42191814.71,1859886.77,,,,,,6.59,,0,,,,,6483878.73,26611035.01,,,,,,,57395412.06,,,,,57695700.65,3855086.51,,,,16713696.24,22994819.99,8840610.79,,0,,,,,,478643502.75,6500000,,5785988.34,309243774.51,,91607731.38,117672623.25,1096023.26,0,,4139483.06,0,,233870064.24,222903120.75,3785146.5,,,-124849895.04,,3423384.15,34255325.26,16284000,,,,,,,,0,,,,,39863.63,,,,43240367.73,,,,,,,,1058536842,,,219118568.59,,,12841333.97,,149519070.67,179998577.52,2426484439.23,1315728336.48,884327257.79,1524916820.25,2426484439.23,901567618.98,1110756102.75,17240361.19,175565056.96,455475592.31,1433309088.87,,25313333.36,,,,-338197414.44,,8654284.44,,-23.314501898,-40.2681683892,,,,,,,,,,,,,,,,,,0.0,57.3089677439,,-1.420822036,-65.3155727072,,,,,,,,,5.100391841,570.6982061625,,,,,,0.0,,,,,,,,,-9.9887288624,,,,,,-74.4802323688,,,,,15.5988279759,103.716672053,,,,-57.4699432662,-6.6376496971,,,,,,,,,115.9118419027,-18.75,,-20.4021383969,-59.2394547921,,1.1071884469,83.6400048026,-94.8400108364,,,247.1553756578,,,-26.4840574907,-40.2681683892,-79.0696606139,,,-22.3609260533,,1.3602529576,-12.6818355978,0,,,,,,,,,,,,,-99.850461501,,,,-71.4087974259,,,,,,,,0,,,-35.5533621794,,,-33.3637057929,,0,6.2248393994,-18.2486359062,-14.6104981746,-27.5597979742,-10.7601168973,-18.2486359062,-28.4096955978,-22.1762975287,-55.3063954077,-33.1827189886,5.0380023146,-11.4245871479,0.004003426,,,,,-92.0017596452,,,,,0
000005.SZ,000005,ST星源,10004089,通用,2021-03-31 00:00:00,一季报,2021一季报,058001001,2021-04-30 00:00:00,2021-04-30 00:00:00,CNY,,208571300.12,333281427.76,,,,,,,,,,,0,,,,,,,688300485.68,76368123.87,,423021080.55,12789027.78,,,0,,0,,,,40481413.97,2295060.86,,,,,,,,0,,,,,13624439.36,27625811.73,,,,,,,57395412.06,,,,,59981466.56,,,,,20995352.69,23403527.46,10152397.61,,0,,,,,,479777646.59,6750000,,6251229.84,310297726.04,,92694696.46,79359499.99,1013494.76,0,,4443211.1,0,,221457510.92,333281427.76,12886210.8,,,-124934537.23,,5045919.77,50132056.39,16284000,,,,,,,,0,,,,,39863.63,,,,51844102.75,,,,,,,,1058536842,,,297900000.0,,,12702494.86,,149519070.67,170526092.62,2404021683.03,1297885590.95,1043764623.46,1341019737.47,2404021683.03,1063001945.56,1106136092.08,19237322.1,273814229.79,344386953.32,1248325041.01,,25313320.0,,,,-523096820.11,,8269733.96,,-16.8790660588,-5.8051564879,,,,,,,,,,,,,,,,,,0.0020320855,234.6939607595,,10.2117118865,-35.0372786007,,,,,,,,,6.0440438588,13.4203538424,,,,,,,,,,,,,,,-11.1514601848,,,,,,-74.4802323688,,,,,-6.2756783977,,,,,-29.5661433126,-6.5658516176,,,,,,,,,625.8615374742,,,-83.2287465518,-57.3230444247,,-3.2899984015,-13.9468619505,-97.7743760542,,,401.4961663721,,,-19.1576240428,-6.3346067557,-44.0029276873,,,-12.7357851851,,34.612947023,31.1308855786,0,,,,,,,,,,,,,-99.850461501,,,,-1.2944465917,,,,,,,,0,,,-20.7712765957,,,3.7711835825,,0,2.3310210087,-13.7942868614,-15.4982294016,-7.0399083831,-17.7293835428,-13.7942868614,-8.2585238453,-11.7052216103,-46.389501644,16.4244470694,-39.838743953,-18.6314963401,,,,,,-108.1072150859,,,,,0
000005.SZ,000005,ST星源,10004089,通用,2020-12-31 00:00:00,年报,2020年报,058001001,2021-04-30 00:00:00,2022-04-27 00:00:00,CNY,,318683994.97,317425212.31,,,,,,,,,,,0,,,,,,,680933693.79,76217260.27,,426435985.16,12168171.92,,,0,,0,,,,42191814.71,2030886.77,,,,,,6.59,,0,,,,,24536021.55,28262377.21,,,,,,,57395412.06,,,,,59981466.56,3892487.65,,,,13592596.07,23812234.93,,,0,,,,,,472410854.7,25500000,,6643684.47,309243774.51,,92759171.16,138219400.17,1013494.76,0,,5743089.83,0,,334216695.7,317425212.31,15532700.73,,,-124934537.23,,2514942.24,50842573.62,16284000,,,,,,,,0,,,,,39863.63,,,,28591063.41,,,,,,,,1058536842,,,281500000.0,,,13463749.4,,149519070.67,175969557.95,2452795303.51,1360352424.09,1099304711.4,1325919841.71,2452795303.51,1126875461.8,1092442879.42,27570750.4,225400872.98,382710375.06,1233160670.55,,25313333.36,,,,-530894398.68,,,,-11.5155634724,-23.6742417747,,,,,,,,,,,,,,,,,,-1.0702871846,86.4665448576,,,,,,,,,,,,5.100391841,-11.7315098692,,,,,,0.0,,,,,,,,,-8.2647659614,,,,,,-74.4799840899,,,,,-7.0774911578,234.6835431741,,,,-96.9624896475,-6.4244339856,,,,,,,,,110.1636369661,,,-15.0305506024,-59.2394547921,,0.8531055924,23.1353066806,-97.6175175281,,,126.5421530051,,,-17.0759337637,-24.2335420955,-63.7773627443,,,-22.4438808427,,-42.1120294037,16.346026209,0,,,,,,,,,,,,,0.0,,,,-76.4266269566,,,,,,,,0,,,-26.1154855643,,,26.1586655519,,0,2.1893178661,-19.0988141314,-14.8472416018,-14.3157483003,-23.8976712799,-19.0988141314,-12.6152006474,-23.8342842002,318.7690980263,-6.0947447238,-10.0284845921,-25.2770725801,0.004003426,,,,,-268.6477253419,,,保留意见,,0
000005.SZ,000005,ST星源,10004089,通用,2020-09-30 00:00:00,三季报,2020三季报,058001001,2020-10-29 00:00:00,2020-10-29 00:00:00,CNY,,291111687.1,347251708.79,,,,,,,,,,,0,,,,,,,688300485.68,64501427.39,,426089973.89,69888080.38,,,0,,0,,,,40481413.97,277306.06,,,,,,6.59,,0,,,,,,28153503.33,,,,,,,224905700.12,,,,,42590429.45,2189356.21,,,,39298551.48,24220942.4,,,0,,,,,,224782394.1,8000000.0,3346866.33,6589199.18,755627623.82,,91791236.97,62837628.13,21240805.46,0,,1192400.68,0,,307516945.36,350764708.79,16405258.26,3513000.0,,-102034120.75,,3377442.39,56992846.33,16284000,,,,,,,,0,,,,,26657770.58,,,,183020128.1,,,,,,,,1058536842,,,310500000,,,17346764.97,,149519070.67,170243479.08,2939184056.52,1511047422.76,1186374295.26,1714527818.29,2939184056.52,1224656238.23,1428136633.76,38281942.97,252693778.46,399105864.52,1622736581.32,,25312320.0,,,,-171585696.28,,,,-11.6370803055,-8.9631236131,,,,,,,,,,,,,,,,,,0.0082548002,1369.2623182117,,,,,,,,,,,,3.7418488564,-87.3635880611,,,,,,0.0,,,,,,,,,-7.2822145556,,,,,,1.1102878799,,,,,-35.7344106591,463.4671298991,,,,-91.6466509347,-6.2916615555,,,,,,,,,205.1400674007,,-38.3223018939,-57.7435680214,1.2643879465,,-1.1825483015,-32.7888883508,-69.1764282561,,,-86.3792514291,,,-21.4153899028,-8.0421416895,-73.484093899,,,4.7505513771,,433.4737784597,36.6079977083,0.0,,,,,,,,,,,,,64404.0529645309,,,,403.8548587647,,,,,,,,0,,,-18.8023012552,,,64.3046383084,,0,-5.7582794354,-4.0798343511,-17.1634351175,-16.8575132407,5.2103451399,-4.0798343511,-14.6330705197,15.1660573003,399.6202937535,-33.9937520211,-46.612508364,5.5967723103,0.0,,,,,32.0310530449,,,,,0
000005.SZ,000005,ST星源,10004089,通用,2020-06-30 00:00:00,中报,2020中报,058001001,2020-08-29 00:00:00,2020-08-29 00:00:00,CNY,,300037064.94,373173088.35,,,,,,,,,,,0,,,,,,,688300485.68,54196382.77,,429508873.42,70748892.53,,,0,,0,,,,40144298.2,277306.06,,,,,,6.59,,0,,,,,,29564114.22,,,,,,,224905700.12,,,,,49910281.67,1892376.54,,,,39298551.48,24629649.87,,,0,,,,,,221684692.48,8000000.0,3639483.07,7269024.85,758684097.41,,90604568.07,64077880.73,21240805.46,0,,1192400.68,0,,318121561.47,373173088.35,18084496.53,,,-102034120.75,,3377442.39,39230468.82,16284000,,,,,,,,0,,,,,26657770.58,,,,151236617.69,,,,,,,,1058536842,,,340000000,,,19270780.47,,149519070.67,169450552.75,2968127157.42,1540854915.83,1220768624.41,1708783973.3,2968127157.42,1259343184.12,1427272241.59,38574559.71,262753967.69,433629336.31,1618179405.23,,25312320.0,,,,-176142872.37,,,,-0.3495608031,-0.0656533017,,,,,,,,,,,,,,,,,,0.0082548002,1167.9818202601,,,,,,,,,,,,2.8741703945,-87.3635880611,,,,,,0.0,,,,,,,,,-2.9733670217,,,,,,1.1102878799,,,,,-25.1659985074,379.6306007813,,,,-90.8818750502,-6.203981181,,,,,,,,,200.9349654625,,-6.5615877622,-52.2118540525,1.4533655158,,-1.3882459993,6.8068614726,-68.712109816,,,-77.0191797847,,,-7.1505362815,-0.6183269198,-56.4556673004,,,4.7505513771,,193.6176952072,-5.967219752,0.0,,,,,,,,,,,,,64404.0529645309,,,,306.1566994208,,,,,,,,0,,,-10.7611548556,,,58.1660274974,,0,-7.0590499151,1.5501178195,-8.3199735728,-3.9063613865,3.7957791894,1.5501178195,-1.3460396081,14.9050083213,529.1838721332,-6.5788252079,-36.4755466913,4.102202473,0.0,,,,,24.9697068609,,,,,0
000005.SZ,000005,ST星源,10004089,通用,2020-03-31 00:00:00,一季报,2020一季报,058001001,2020-04-30 00:00:00,2020-04-30 00:00:00,CNY,,250925116.25,353821308.4,,,,,,,,,,,0,,,,,,,688286499.11,22817299.63,,383825886.84,19686718.02,,,0,,0,,,,38174151.51,2023500.0,,,,,,6.59,,0,,,,,,31093152.22,,,,,,,224905700.12,,,,,63997760.17,68500.0,,,,29808608.64,25048151.95,,,0,,,,,,66097681.42,,4235086.65,37273480.24,727084961.56,,95848097.33,92221506.14,45537556.42,0,,885991.04,0,,273937410.05,355821308.4,23012293.8,2000000.0,,-110820656.48,,3748465.42,38230548.18,16284000,,,,,2967140.76,,,0,,,,,26657770.58,,,,52523997.85,,,,,,,,1058536842,,,376000000,,,12240869.21,,149519070.67,166641640.96,2788703434.5,1535927095.68,1122809374.76,1630010561.75,2788703434.5,1158692872.75,1252776338.82,35883497.99,235186197.3,572439765.97,1534162464.42,,,,,,-251359290.88,,,,,25.5246477924,,,,,,,,,,,,,,,,,,-0.0020320442,501.0346508244,,,,,,,,,,,,0.9315460882,-11.25,,,,,,0.0,,,,,,,,,12.056925516,,,,,,1.1102878799,,,,,-6.5740882016,-94.7048378441,,,,-93.46785759,-7.13955492,,,,,,,,,-23.6399364956,,-37.5189937082,140.9072795227,-3.9942951823,,6.6792472567,6.6105491542,-45.298156132,,,-95.3259937857,,,-6.3602215948,26.2341847526,,,,-0.6550833896,,-20.2900439954,-18.5641931541,0.0,,,,,,,,,,,,,64404.0529645309,,,,78.5117588185,,,,,,,,0,,,-10.3694874851,,,15.4642761088,,0,18.6095646276,-5.5374476934,-5.7473913582,-18.7384945827,4.3971318192,-5.5374476934,-16.6901329766,-5.2787731035,294.344702562,2.9971822991,-13.5530467308,4.25779101,,,,,,20.1395837767,,,,,0
000005.SZ,000005,ST星源,10004089,通用,2019-12-31 00:00:00,年报,2019年报,058001001,2020-04-30 00:00:00,2021-04-30 00:00:00,CNY,,360158246.44,415882160.48,,29795976.28,,,,,,,,,0,,,,,,,688300485.68,40874495.92,,,,,,0,,0,,,,40144298.2,2300806.06,,,,,,6.59,,0,,,,,,30808639.13,,,,,,,224903512.06,,,,,64549986.12,1163035.27,,,,447491349.58,25447064.81,,,0,,,,,,224782394.1,,4243089.84,7818909.64,758684097.41,,91974531.29,112250014.96,42539442.45,0,,2535108.7,0,,403039444.24,418952160.48,42881197.8,3070000.0,,-102034120.75,,4344498.89,43699450.06,16284000,,,,,,,,0,,,,,39863.63,,,,121285415.36,,,,,,,,1058536842,,,381000000,,,10672076.58,,149519070.67,172199562.17,3031840976.34,1597543578.95,1282971712.53,1742285504.28,3031840976.34,1289555472.06,1434297397.39,6583759.53,240030094.5,425368377.23,1650310972.99,,25312320.0,,,,-144011304.61,,,,15.1766794553,38.6919420914,,-86.356404356,,,,,,,,,,,,,,,,0.0,1177.6030175196,,,,,,,,,,,,3.3150607647,-2.7348949482,,,,,,0.0,,,,,,,,,9.528893483,,,,,,1.1093041993,,,,,-6.3523655485,-76.1039253602,,,,-6.5742320472,-6.0366156014,,,,,,,,,153.0545454517,,-37.4009211855,-49.6732635815,-1.7463574318,,2.13066551,65.7658919419,-48.8996309404,,,-97.902035758,,,21.0218851938,38.2269833283,110.9304202299,-4.9428186157,,7.325463872,,-7.7511556541,-11.7538322033,,,,,,,,,,,,,,-3.5416073838,,,,332.9309308042,,,,,,,,0,,,-19.2796610169,,,4.3671284162,,0,18.2298576274,-2.8699215582,-8.9718526298,-16.3055225077,10.3190227447,-2.8699215582,-16.3770868836,4.9672414752,-28.3207291281,30.9676157274,-46.1041599522,10.8141738222,,,,,,51.5108812834,,,保留意见,,0
000005.SZ,000005,ST星源,10004089,通用,2019-09-30 00:00:00,三季报,2019三季报,058001001,2019-10-30 00:00:00,2019-10-30 00:00:00,CNY,,329450054.51,381440711.25,,28686819.72,,,,,,,,,0,,,,,,,688243672.54,4390055.24,,,,,,0,,0,,,,39021296.05,2194500.0,,,,,,6.59,,0,,,,,,30364727.97,,,,,,,222436019.95,,,,,66272526.07,388550.83,,,,470452643.28,25847158.11,,,0,,,,,,73665315.74,,5426380.09,15593363.83,746192851.35,,92889702.57,93492915.96,68910915.44,0,,8754296.24,0,,391319553.51,381440711.25,61869499.0,,,-107123056.59,,633103.73,41719992.45,16284000,,,,,,,,0,,,,,41327.28,,,,36323978.01,,,,,,,,1058536842,,,382400000,,,10557684.28,,149519070.67,180645554.92,3064198270.13,1824130955.82,1426917021.01,1629619041.75,3064198270.13,1434579228.38,1240067314.31,7662207.37,382833119.89,747564368.15,1536729339.18,,25312320.0,,,,-252447189.44,,,,,162.9430365857,,-89.6855962246,,,,,,,,,,,,,,,,-0.0175940552,-97.686730472,,,,,,,,,,,,22.3600030126,-10.4651162791,,,,,,,,,,,,,,,4.7876708951,,,,,,0.0,,,,,12.0790115522,,,,,5.0199128985,-6.9624390327,,,,,,,,,-48.0011492786,,-65.9901450731,68.8618722719,-19.2177853633,,10.7087043908,79.2959935039,666.5721092712,,,,,,64.7825443882,158.9389876064,,,,16.3775832433,,1576.3841208621,4.3997745988,,,,,,,,,,,,,,-17.9158102012,,,,56.6727433434,,,,,,,,0,,,-20.6396765818,,,1.9342288407,,0,90.0561772824,5.4275637397,55.8307540839,4.9169352236,15.3347014851,5.4275637397,-3.9452228092,-28.5619631061,-94.2586551107,76.2390286244,52.2676766456,15.6267480405,,,,,,42.5308537841,,,,,0
000005.SZ,000005,ST星源,10004089,通用,2019-06-30 00:00:00,中报,2019中报,058001001,2019-08-29 00:00:00,2019-08-29 00:00:00,CNY,,301089556.01,373418249.76,,24103429.6,,,,,,,,,0,,,,,,,688243672.54,4274223.96,,,,,,0,,0,,,,39022718.77,2194500,,,,,,6.59,,0,,,,,,30470102.19,,,,,,,222436019.95,,,,,66694658.41,394548.75,,,,430993781.03,26258736.97,,,0,,,,,,73665315.74,,3895060.91,15210937.16,747815603.31,,91880089.74,59994161.28,67888263.91,0,,5188677.64,0,,342620785.01,375494874.24,41531229.0,2076624.48,,-107123056.59,,1150285.71,41719992.45,16284000.0,,,,,,,,0,,,,,41327.28,,,,37236026.86,,,,,,,,1058536842,,,381000000,,,12183893.58,,149519070.67,182320659.08,2922820003.71,1680687687.25,1270394837.81,1646294277.71,2922820003.71,1276525726.0,1242132316.46,6130888.19,281257400.45,682617974.22,1554414187.97,,25312320.0,,,,-234762340.65,,,,39.9975059856,121.6766600689,,-91.3608670615,,,,,,,,,,,,,,,,-0.0175940552,-97.6398094119,,,,,,,,,,,,21.186887966,-18.9473684211,,,,,,0.0,,,,,,,,,-2.9267681013,,,,,,0.0,,,,,114.0376879453,-90.1582431796,,,,-9.7132235576,-5.8894425907,,,,,,,,,-48.0011492786,,-63.9417152706,76.9492376851,-18.9345930158,,11.220816012,14.6906650218,655.1960284951,,,,,,43.3104725707,122.7645859882,72.9884889377,1795.9412763626,,16.3775832433,,129.1512201493,1.995942806,,,,,,,,,,,,,,-17.9158102012,,,,52.4877529471,,,,,,,,0,,,-20.9302216989,,,17.9095572396,,0,90.3887729253,1.7984377581,43.5269266307,-4.4352607386,16.4884396262,1.7984377581,-12.4417014204,-26.9416594789,-95.2311064754,54.1774810105,55.5473608617,16.8154666682,,,,,,46.3595995122,,,,,0
000005.SZ,000005,ST星源,10004089,通用,2019-03-31 00:00:00,一季报,2019一季报,058001001,2019-04-25 00:00:00,2019-04-25 00:00:00,CNY,,,281873970.27,,224338640.23,,,,,,,,,0,,,,,,,688300485.68,3796336.8,,,,,,0,,0,,,,37821823.79,2280000,,,,,,6.59,,0,,,,,,27747639.94,,,,,,,222436019.95,,,,,68501081.7,1293633.66,,,,456337396.97,26973973.61,,,0,,,,,,86560537.52,,6778198.53,15472127.0,757335163.51,,89846994.42,86503171.47,83246839.96,0,,18955709.5,0,,292543846.98,281873970.27,,,,-110099413.51,,4702631.4,46945624.61,16284000.0,,,59664319.8,,,,,0,,,,,41327.28,,,,29423270.6,,,,,,,,1058536842,,,419500000,,,10601434.16,,149519070.67,140495955.35,2952178790.86,1629585767.24,1381723571.32,1561355693.73,2952178790.86,1390823097.13,1322593023.62,9099525.81,228342360.49,662186166.57,1471508699.31,,25312320.0,,,,-314748285.53,,,,,44.5581365686,,-20.7822850015,,,,,,,,,,,,,,,,-0.0093407074,-97.8702198329,,,,,,,,,,,,17.4574521402,-15.7894736842,,,,,,0.0,,,,,,,,,-13.8478337564,,,,,,0.0,,,,,112.7264011297,-73.486986948,,,,9.6620958771,-5.7448595084,,,,,,,,,-41.0978141532,,-55.7501873944,56.4147479186,-17.8858417775,,10.0244243706,-3.3843354126,826.0464077547,,,,,,23.5627788613,43.9448999768,,,,14.054179051,,103.6823959931,12.6879117639,,,,0.0,,,,,,,,,,-17.9158102012,,,,6.9666618156,,,,,,,,0,,,-14.541232073,,,8.5772340282,,0,33.7823764278,2.5129603137,35.9342401543,4.1697804466,9.9298962016,2.5129603137,-4.7049117611,-21.3213297124,-93.1621521898,43.4824076711,44.4198195334,9.9241297866,,,,,,26.7446184555,,,,,0
000005.SZ,000005,ST星源,10004089,通用,2018-12-31 00:00:00,年报,2018年报,058001001,2019-04-25 00:00:00,2020-05-23 00:00:00,CNY,,312700668.35,299860362.62,,218388004.58,,,,,,,,,0,,,41596320.0,,,,688300485.68,3199311.16,,,,,,0,,0,,,,38856191.83,2365500,,,,,,6.59,,0,,,,,,28128321.35,,,,,,,222436019.95,,,,,68928581.59,4867055.73,,,,478980648.9,27081894.69,,,0,,,,,,88827645.32,,6778198.53,15536293.82,772168926.85,,90055744.6,67715990.09,83246839.96,0,,120836601.94,0,,333030214.82,303089997.62,20329546.47,3229635.0,,-110099413.51,,4709542.89,49519940.81,,,,59664319.8,,,,,0,,,,,41327.28,,,,28014957.29,,,,,,,,1058536842,,,472000000,,,10225515.2,,149519070.67,145648117.68,3121423378.81,1754999552.45,1532922781.73,1579315571.27,3121423378.81,1542107807.54,1366423826.36,9185025.81,183274386.7,789241575.7,1489259826.67,,,,,,-296997158.17,,,,11.8596908366,55.3125295269,,-22.2536950329,,,,,,,,,,,,155.4428887251,,,,-0.0093407074,-98.5790323236,,,,,,,,,,,,20.6697307238,-12.6315789474,,,,,,0.0,,,,,,,,,-14.4697506817,,,,,,0.0,,,,,107.3492180117,0.4326799551,,,,15.1030108996,-5.730657954,,,,,,,,,-39.5551064852,,-55.7501873944,69.590490015,-16.2774891635,,10.016283574,-22.22935651,826.0464077547,,,,,,11.4615939374,56.3127650717,5.6766982116,288.7847598411,,14.054179051,,103.9817494238,19.8957004991,,,,0.0,,,,,,,,,,-17.9158102012,,,,4.948845577,,,,,,,,0,,,-2.05030298,,,7.2818749326,,0,44.0993172517,7.1880565798,48.3398067515,11.5131754983,12.4573953775,7.1880565798,2.279962878,-20.97054927,-93.097903129,13.7047516283,76.1705264457,12.6084878312,,,,,,33.3797682489,,,带强调事项段的无保留意见,,0
000005.SZ,000005,ST星源,10004089,通用,2018-09-30 00:00:00,三季报,2018三季报,058001001,2018-10-30 00:00:00,2018-10-30 00:00:00,CNY,0.0,,145065910.93,,278123877.49,,,,,,,,,0,0.0,,41596320.0,,,,688364783.82,189777074.69,,,,,,0,0.0,0,0.0,,,31890564.8,2451000,,,,,,,,0,,,,,,28977386.09,,,,,,,222436019.95,,,,,59130184.28,,,,,447965181.36,27781422.73,,,0,,,0.0,,,141667199.79,115000000.0,15955316.78,9234389.99,923709327.24,,83904606.31,52144453.5,8989489.0,0,0.0,,0,0.0,237476338.87,147309107.36,,2243196.43,,-128103277.5,,37766.03,39961764.87,,,,59664319.8,,,217223802.74,490954078.12,0,0.0,,,,50347.43,,,,23184618.61,,,,,,,,1058536842,,,481852875,,,10357349.44,,149519070.67,95048504.87,2906448903.34,1170584693.98,1360044513.28,1412947725.85,2906448903.34,1493501177.49,1735864209.36,133456664.21,217223802.74,490954078.12,1329043119.54,,,,,,-439274299.45,,,,,35.1296010877,,24.2175736384,,,,,,,,,,,,155.4428887251,,,,7.8853074822,-19.0715512956,,,,,,,,,,,,29.6768259594,-19.6261682243,,,,,,,,,,,,,,,-27.5098853202,,,,,,-3.094774372,,,,,72.3828878513,,,,,-26.4640592636,22.2693647955,,,,,,,,,13.2136097874,-5.1923550248,,40.7934236715,17.2193057206,,7.6341694391,-10.8568995324,,,,,,,-6.7645414559,37.2191494647,,,,-25.0119237562,,,,,,,0.0,,,-12.2480472897,17.0403905791,,,,,,-98.8429716489,,,,35.7396549652,,,,,,,,0,,,-2.8474244892,,,194.6099658356,,0,3.4152254625,4.0668034553,-3.3837205671,3.2252509573,5.1096300397,4.0668034553,3.0990940523,9.7753900208,1.830808261,-12.2480496258,17.0403905791,4.9542201588,,,,,,7.9722323473,,,,,0
000005.SZ,000005,ST星源,10004089,通用,2018-06-30 00:00:00,中报,2018中报,058001001,2018-08-30 00:00:00,2018-08-30 00:00:00,CNY,0.0,215067799.88,168451766.48,,279002878.78,,,,,,,,,0,0.0,,41596320.0,,,,688364783.82,181096559.81,,,,,,0,0.0,0,0.0,,,32200446.29,2707500,,,,,,6.59,,0,,,,,,31388778.96,,,,,,,222436019.95,,,,,31160240.54,4008926.02,,,,477360913.76,27902009.82,,,0,,,0.0,,,141667199.79,115000000.0,10802124.78,8596215.14,922484239.74,,82610515.76,52309541.73,8989489.0,0,0.0,,0,0.0,239075888.08,168561296.48,24008088.2,109530.0,,-128103277.5,,501976.69,40903580.38,,,,59664319.8,,,178415503.57,438848959.21,0,0.0,,,,50347.43,,,,24419027.85,,,,,,,,1058536842,,,481852875,,,10333253.61,,149519070.67,95762295.37,2871183554.56,1170991204.72,1329355207.4,1413268374.95,2871183554.56,1457915179.61,1700192349.84,128559972.21,182424436.18,438848959.21,1330657859.19,,,,,,-437659559.8,,,,6.1100055,57.3165681768,,26.1719311269,,,,,,,,,,,,155.4428887251,,,,7.8853074822,-22.2520923213,,,,,,,,,,,,30.9368992225,-11.214953271,,,,,,0.0,,,,,,,,,-22.968734182,,,,,,-3.094774372,,,,,-11.7904818927,,,,,-16.9776846993,21.2392667998,,,,,,,,,13.2136097874,-5.1923550248,,179.9874734473,17.0638413315,,9.398421418,-33.5419153183,,,,,,,3.6946421054,56.541695152,-13.8686260645,-81.745,,-25.0119237562,,,,,,,0.0,,,10.3295690109,6.4238840398,,,,,,-98.8254559517,,,,24.250546721,,,,,,,,0,,,-17.8958432729,,,138.1116891174,,0,-0.0496672986,3.5893742354,-1.8761114582,2.2244614757,5.4459982114,3.5893742354,1.8509675085,7.7218804252,-1.8568966737,12.8086304041,6.4238840398,5.2100164686,,,,,,8.6061461626,,,,,0
000005.SZ,000005,ST星源,10004089,通用,2018-03-31 00:00:00,一季报,2018一季报,058001001,2018-04-21 00:00:00,2018-04-21 00:00:00,CNY,0.0,217519765.77,194990041.35,,283192516.01,,,,,,,,,0,0.0,,16284000,,,,688364783.82,178250171.48,,,,,,0,0.0,0,0.0,,,32200446.29,2707500,,,,,,6.59,,0,,,,,,32207710.09,,,,,,,222436019.95,,,,,32201495.13,4879240.46,40879.17,,,416130471.81,28618039.79,,,0,,,0.0,,,146956409.64,115000000.0,15318027.65,9891731.57,922295472.43,,81660953.86,89533277.9,8989489.0,0,0.0,,0,0.0,236757257.87,195820741.35,19237492.1,830700.0,,-128103277.5,,2308806.01,41659858.52,,,,59664319.8,,,154263859.2,458473865.35,0,0.0,,,,50347.43,,,,27506954.13,,,,,,,,1058536842,,,490880000,,,9763956.74,,149519070.67,105018283.5,2879810300.89,1198804484.72,1326414978.89,1420319446.92,2879810300.89,1459490853.97,1681005816.17,133075875.08,159143106.25,458514744.52,1338658493.06,,,,,,-429658925.93,,,,27.8907653367,27.3911343014,,26.5658141533,,,,,,,,,,,,0,,,,7.8853074822,-24.9362530523,,,,,,,,,,,,30.8248033504,-11.214953271,,,,,,0,,,,,,,,,-2.3198946038,,,,,,-3.094774372,,,,,-11.8919363546,,,,,-5.590884326,23.0833927423,,,,,,,,,16.2262452169,,,207.7474795709,17.0398866389,,11.4861931237,58.3473999795,,,,,,,20.7817265215,27.1291595447,-25.833629003,-14.2590573147,,-25.0119237562,,,,,,,0,,,-39.8821736308,24.4933561639,,,,,,-98.8429716489,,,,101.0238020384,,,,,,,,0,,,0.9842923838,,,125.5647397743,,0,17.8279749367,10.2820321187,16.016628647,5.612423766,5.5506688134,10.2820321187,15.3122332025,6.5269347726,1263.6189511988,-37.9806946792,24.5044564369,5.2089763122,,,,,,8.8266521072,,,,,0
000005.SZ,000005,ST星源,10004089,通用,2017-12-31 00:00:00,年报,2017年报,058001001,2018-04-21 00:00:00,2019-06-27 00:00:00,CNY,0.0,279547231.01,193069009.65,,280898242.91,,,,,,,,,0,0.0,,16284000,,,,688364783.82,225150171.48,,,,,,0,0.0,0,0.0,,,32200446.29,2707500,,,,,,6.59,,0,,,,,,32886986.27,,,,,,,222436019.95,,,,,33242749.72,4846087.68,40879.17,,,416132162.97,28728210.15,,,0,,,0.0,,,146956409.64,115000000.0,15318027.65,9161064.29,922295472.43,,81856741.27,87071402.59,8989489.0,0,0.0,,0,0.0,298784723.11,193899709.65,19237492.1,830700.0,,-128103277.5,,2308806.01,41302515.94,,,,59664319.8,,,156338362.91,447957768.29,0,0.0,,,,50347.43,,,,26693916.58,,,,,,,,1058536842,,,481880000,,,9531447.14,,149519070.67,101074814.55,2912099984.28,1183094134.26,1374656200.83,1404367908.37,2912099984.28,1507732075.91,1729005850.02,133075875.08,161184457.18,447998647.46,1322511167.1,,,,,,-445806251.89,,,,32.5125787038,19.3199641906,,26.7868866486,,,,,,,,,,,,0,,,,7.8853074822,-6.3985528269,,,,,,,,,,,,28.7364929974,-11.214953271,,,,,,0,,,,,,,,,-12.5044886763,,,,,,-3.094774372,,,,,-11.1341001449,,,,,-0.4420613341,21.6041721931,,,,,,,,,16.2262452169,,,175.443047303,17.0398866389,,12.4187553767,14.0058906417,,,,,,,33.3522595885,19.7593377313,46.876614355,730.7,,-25.0119237562,,142.6403474179,,,,,0,,,-48.555276472,69.5060881474,,,,,,-98.8429716489,,,,45.8361863394,,,,,,,,0,,,53.4183563338,,,123.0912014107,,0,7.2189426302,15.2286808789,25.8891860944,18.286478785,3.6177779605,15.2286808789,28.6570071911,8.9175104835,1263.6189511988,-46.960621165,69.5215567221,3.1181092225,,,,,,3.3198759977,,,带强调事项段的无保留意见,,0
000005.SZ,000005,ST星源,10004089,通用,2017-09-30 00:00:00,三季报,2017三季报,058001001,2017-10-31 00:00:00,2017-10-31 00:00:00,CNY,,232320476.94,107353170.41,,223900587.77,,,,,,,,,0,,,16284000,,,,638052390.9,234499830.07,,,,,,0,,0,,2358079.05,,24592339.12,3049500,,,,,,6.59,,0,,,,,,39974258.86,,,,,,,229539757.54,,,,,34301655.47,,,,,609178555.24,22721491.01,,,0,,,,,,125132658.57,121298235.0,,6558821.96,788018084.19,,77953503.75,58495220.86,,0,,,0,,254706034.14,107353170.41,22385557.2,,,-102472847.11,,,,,,,59664319.8,,,247542984.55,419474059.93,0,,,,,4351443.07,,,,17080210.36,,,,,,,,1058536842,,,495975400,,,3515614.08,,149519070.67,91909585.31,2792868433.39,1211581216.8,1317550212.44,1344260963.83,2792868433.39,1448607469.56,1581287216.59,131057257.12,247542991.14,419474059.93,1266307460.08,,,,,,-477327996.38,,,,-14.2639991164,-24.3921061367,,-5.8359125788,,,,,,,,,,,,0,,,,0.0,-7.3603365935,,,,,,,,,,,,91.381830792,-10.0840336134,,,,,,0,,,,,,,,,14.8512389236,,,,,,0.0,,,,,-8.2185822527,,,,,45.8000338878,-4.8553336742,,,,,,,,,-7.8365274802,,,529.2776762112,7.2053859926,,7.3697721451,-59.3875531869,,,,,,,-9.2442410645,-24.471896805,131.3014207858,,,19.7078431721,,,,,,,0,,,-23.484268439,91.7997645664,,,,,,1586.0183486452,,,,-70.4179184738,,,,,,,,0,,,106.1450052661,,,-12.6689006407,,0,40.2611200022,10.8356897792,23.5765354661,13.4748352988,-0.798662287,10.8356897792,24.3712956082,2.7211501496,3491.0132565853,-23.4842679607,91.7997645664,-1.2610876112,,,,,,-9.4782300384,,,,,0
000005.SZ,000005,ST星源,10004089,通用,2017-06-30 00:00:00,中报,2017中报,058001001,2017-08-26 00:00:00,2017-08-26 00:00:00,CNY,,202683808.06,107078210.79,,221129118.25,,,,,,,,,0,,,16284000,,,,638052390.9,232927888.63,,,,,,0,,0,,2358079.05,,24592339.12,3049500,,,,,,6.59,,0,,,,,,40748102.25,,,,,,,229539757.54,,,,,35325258.78,,,,,574979042.72,23014004.09,,,0,,,,,,125132658.57,121298235.0,,3070214.19,788018084.19,,75513444.06,78710576.72,,0,,,0,,230557609.56,107678210.79,27873801.5,600000.0,,-102472847.11,,,,,,,59664319.8,,,161711411.7,412359465.33,0,,,,,4286551.03,,,,19653054.65,,,,,,,,1058536842,,,586880000,,,4339666.67,,149519070.67,95809881.55,2771696977.37,1193380350.21,1300427694.32,1340276917.97,2771696977.37,1431420059.4,1578316627.16,130992365.08,161711418.29,412359465.33,1264763473.91,,,,,,-478871982.55,,,,-2.0344539876,-24.2469096387,,-1.0665829095,,,,,,,,,,,,0,,,,0.0,-7.6527164242,,,,,,,,,,,,91.381830792,-10.0840336134,,,,,,0,,,,,,,,,17.0745915162,,,,,,0.0,,,,,-9.146449826,,,,,97.0309342568,-4.9100623072,,,,,,,,,-7.8365274802,,,187.059405539,6.581024799,,9.641100182,-35.0273858573,,,,,,,6.6319007559,-23.9891366069,198.9057499868,93.5483870968,,19.7078431721,,,,,,,0,,,-49.5944505607,100.0686781362,,,,,,1560.8751562924,,,,-39.5324986579,,,,,,,,0,,,403.3474733995,,,9.0533720429,,0,48.4054917623,18.5550628398,50.4441054456,31.3979711136,-0.3187401893,18.5550628398,44.1023223433,2.1788957691,3489.2351926993,-49.594449542,100.0686781362,-0.8564628832,,,,,,-8.1477914729,,,,,0
000005.SZ,000005,ST星源,10004089,通用,2017-03-31 00:00:00,一季报,2017一季报,058001001,2017-04-27 00:00:00,2017-04-27 00:00:00,CNY,,170082464.67,153064059.3,,223751190.56,,,,,,,,,0,,,16284000,,,,638052390.9,237465059.67,,,,,,0,,0,,2358079.05,,24613410.81,3049500,,,,,,6.59,,0,,,,,,32972640.6,,,,,,,229539757.54,,,,,36547727.64,,,,,440773614.75,23250935.12,,,0,,,,,,126439952.84,,,3214236.42,788018084.19,,73247593.78,56542310.08,,0,,,0,,196020759.67,154032907.99,25938295.0,968848.69,,-102472847.11,,,,,,,59664319.8,,,256602522.94,368271753.19,0,,,,,4351443.07,,,,13683431.44,,,,,,,,1058536842,,,486095400,,,4328671.56,,149519070.67,89128480.36,2611314142.08,1033304017.45,1255927031.68,1345628088.28,2611314142.08,1265686053.8,1578010124.63,9759022.12,256602529.53,368271753.19,1272380494.5,,,,,,-471254961.96,,,,31.3603799937,105.9782154857,,0.4267754475,,,,,,,,,,,,0,,,,0.0,-8.2082637557,,,,,,,,,,,,87.8874029809,-10.0840336134,,,,,,0,,,,,,,,,-9.5278309998,,,,,,0.0,,,,,-2.2087356345,,,,,62.3976546353,-5.1900027088,,,,,,,,,5447.9857745801,,,174.6810238446,7.2053859926,,12.9124159249,-49.506116508,,,,,,,41.6654117856,106.158414209,191.7342170718,139.2218987654,,19.7078431721,,,,,,,0,,,-24.6210824585,56.2678980762,,,,,,1586.0183486452,,,,376.8988110486,,,,,,,,0,,,510.7079052307,,,16.6053043395,,0,36.1593721108,23.7132026246,48.3253898278,43.640799952,11.5058218561,23.7132026246,40.009184088,11.5884650505,-67.0854735161,-24.6210819818,56.2678980762,11.4259139691,,,,,,18.2666587294,,,,,0
000005.SZ,000005,ST星源,10004089,通用,2016-12-31 00:00:00,年报,2016年报,058001001,2017-04-27 00:00:00,2018-04-21 00:00:00,CNY,0.0,210959015.17,161807800.53,,221551495.06,,,,,,,,,0,0.0,,16284000,,,,638052390.9,240541335.93,,,,,,0,0.0,0,0.0,2358079.05,,25012679.42,3049500,,,,,,6.59,,0,,,,,,37587055.35,,,,,,,229539757.54,,,,,37407768.08,,,,,417979890.45,23624362.25,,,0,,,0.0,,,126439952.84,,,3325937.75,788018084.19,,72814132.3,76374476.88,,0,0.0,,0,0.0,224056738.17,161907800.53,13097723.0,100000.0,,-102472847.11,,951534.25,,,,,59664319.8,,,303895817.08,264272376.99,0,0.0,,,,4351443.07,,,,18304041.85,,,,,,,,1058536842,,,314095400,,,4272444.22,,149519070.67,94269549.83,2527235374.1,939790120.95,1162141450.95,1355334901.03,2527235374.1,1171900473.07,1587445253.15,9759022.12,303895823.67,264272376.99,1282520768.73,,,,,,-461114687.73,,,,34.3751479781,118.4307688511,,-1.9375311141,,,,,,,,,,,,0,,,,0.0,-8.1920149963,,,,,,,,,,,,90.9352350267,-10.0840336134,,,,,,0,,,,,,,,,0.9013080699,,,,,,0.0,,,,,-0.6650206085,,,,,35.8592947101,-4.9133123752,,,,,,,,,5447.9857745801,,,151.0936385791,7.2053859926,,12.9114177887,-53.1425397675,,,,,,,32.6912801009,118.5657628181,10.407454896,,,19.7078431721,,,,,,,0,,,-15.9940393694,20.9604078133,,,,,,1586.0183486452,,,,55.1505233429,,,,,,,,0.0,,,358.5334306569,,,15.647402612,,0,30.1597573551,15.188024094,21.262762655,24.8057644896,11.7157829413,15.188024094,19.4829653821,11.8702496337,-80.344203971,-15.994039078,20.9604078133,11.6486608477,,,,,,19.0703200611,,,带强调事项段的无保留意见,,0
000005.SZ,000005,ST星源,10004089,通用,2016-09-30 00:00:00,三季报,2016三季报,058001001,2016-10-31 00:00:00,2016-10-31 00:00:00,CNY,,270971907.42,141986722.45,,237777048.45,,,,,,,,,0,,,16284000,,,,638052390.9,253131133.52,,,,,,0,,0,,,,12849881.84,3391500,,,,,,6.59,,0,,,,,,34805248.28,,,,,,,229539757.54,,,,,37373202.89,,,,,417817842.01,23880992.9,,,0,,,,,,135772508.51,,,1042277.87,735054565.49,,72602839.88,144032742.3,,0,,9000000.0,0,,280649996.35,142136722.45,9678088.93,150000.0,,-127624977.53,,,,,,,59664319.8,,,323519071.83,218704157.89,0,,,,,258089.9,,,,57738365.52,,,,,,,,1058536842,,,240595400,,,4025615.28,,149519070.67,65527485.67,2519827718.81,980429830.17,1161094624.17,1355083504.74,2519827718.81,1164744214.07,1539397888.64,3649589.9,323519078.42,218704157.89,1282480664.86,,,,,,-436002661.18,,,,599.5448196107,5588.765546922,,5.1931567907,,,,,,,,,,,,0,,,,136.517299787,-6.7505496698,,,,,,,,,,,,,,,,,,,0,,,,,,,,,44.1935189047,,,,,,,,,,,,,,,,2626.6234593875,-5.6360895851,,,,,,,,,1782.0380279932,,,10.5403870366,3.4334720253,,,338.8635005092,,,,-50.0,,,624.529907693,5594.7753682441,,,,14.5605689703,,,,,,,0,,,21.129745179,39.4183019766,,,,,,-7.0576104034,,,,330.2397362183,,,,,,,,15.7714026802,,,587.4154285714,,,55.6784651244,,0,13.2777278956,88.5267420783,343.7777364271,79.6158071371,111.7718335837,88.5267420783,67.1777648199,37.9808063801,-92.7411342043,20.6144793362,39.4183019766,100.4254948002,,,,,,19.9067408166,,,,,0
000005.SZ,000005,ST星源,10004089,通用,2016-06-30 00:00:00,中报,2016中报,058001001,2016-08-25 00:00:00,2016-08-25 00:00:00,CNY,,206892949.93,141351607.28,,223513070.46,,,,,,,,,0,,,16284000,,,,638052390.9,252230363.05,,,,,,0,,0,,,,12849881.84,3391500,,,,,,6.59,,0,,,,,,34805248.28,,,,,,,229539757.54,,,,,38881539.26,,,,,291821710.58,24202354.79,,,0,,,,,,135772508.51,,,1069539.66,739360581.0,,68873300.19,121144235.55,,0,,44000000.0,0,,216218231.06,141661607.28,9325281.13,310000.0,,-127624977.53,,,,,,,59664319.8,,,320820650.7,206108956.77,0,,,,,258089.9,,,,32501846.8,,,,,,,,1058536842,,,116595400,,,3979397.05,,149519070.67,64559525.67,2337898450.71,793238356.98,989686281.53,1344562579.28,2337898450.71,993335871.43,1544660093.73,3649589.9,320820657.29,206108956.77,1275689279.09,,,,,,-442794046.95,,,,427.9116663477,6886.8312495941,,-1.2553460933,,,,,,,,,,,,0,,,,136.517299787,-7.7735087712,,,,,,,,,,,,,,,,,,,0,,,,,,,,,37.238736896,,,,,,,,,,,,,,,,1798.2565174856,-5.1376657294,,,,,,,,,1782.0380279932,,,11.6320487767,4.0393945727,,,238.5753312745,,,,144.4444444444,,,451.7062166316,6902.1541576887,,,,14.5605689703,,,,,,,0,,,20.0004036377,31.3891836912,,,,,,-7.0576104034,,,,161.8546911503,,,,,,,,15.7714026802,,,233.1297142857,,,57.956855026,,0,16.8755425039,74.2622960163,256.5788382289,53.4889447796,107.9671191457,74.2622960163,42.9114477211,38.0221408251,-92.7411342043,19.4904454795,31.3891836912,97.3143001194,,,,,,17.6536036924,,,,,0
000005.SZ,000005,ST星源,10004089,通用,2016-03-31 00:00:00,一季报,2016一季报,058001001,2016-04-27 00:00:00,2016-04-27 00:00:00,CNY,,129477750.2,74310799.78,,222800333.44,,,,,,,,,0,,,16284000,,,,638052390.9,258699823.52,,,,,,0,,0,,,,13100085.7,3391500,,,,,,6.59,,0,,,,,,36445064.78,,,,,,,229539757.54,,,,,37373202.89,,,,,271416244.12,24523716.68,,,0,,,,,,2279024.46,26000000.0,,1170170.54,735054565.49,,64871159.81,111978533.18,,0,,24000000.0,0,,138368820.73,74715799.78,8891070.53,405000.0,,-127624977.53,,,,,,,59664319.8,,,340416831.8,235666926.94,0,,,,,258089.9,,,,2869252.58,,,,,,,,1058536842,,,79595400,,,3712242.41,,149519070.67,65458939.02,2110780488.0,696646756.6,874352573.99,1206778324.11,2110780488.0,904002163.89,1414133731.4,29649589.9,340416838.39,235666926.94,1141907164.3,,,,,,-576576161.74,,,,218.0076575457,6826.1961559289,,-1.7342393841,,,,,,,,,,,,0,,,,136.517299787,-6.5368059752,,,,,,,,,,,,,,,,,,,0,,,,,,,,,57.3241699865,,,,,,,,,,,,,,,,1659.1224071461,-1.2934634818,,,,,,,,,-66.3936111257,-48.0,,23.0787527267,3.4334720253,,,136.9159095545,,,,0.0,,,239.8448342649,6863.9444973739,,,,14.5605689703,,,,,,,0,,,39.1605791983,44.1196548417,,,,,,-7.0576104034,,,,-77.5987156745,,,,,,,,15.7714026802,,,57.6146534653,,,67.6912871829,,0,14.0679523665,55.2916663254,190.151966562,35.0747924427,82.3896344758,55.2916663254,29.5897622222,26.3590832929,-41.0283347229,38.5145060075,44.1196548417,72.5851601251,,,,,,-10.3285544947,,,,,0
000005.SZ,000005,ST星源,10004089,通用,2015-12-31 00:00:00,年报,2015年报,058001001,2016-04-27 00:00:00,2017-04-27 00:00:00,CNY,,156992582.59,74077384.51,,225928938.54,,,,,,,,,0,,,16284000,20000000.0,,,638052390.9,262004809.19,,,,,,0,,0,,,,13100085.7,3391500,,,,,,6.59,,0,,,,,,37251306.32,,,,,,,229539757.54,,,,,37658202.89,,,,,307656455.41,24845078.57,,,0,,,,,,2279024.46,26000000.0,,1324580.65,735054565.49,,64487838.1,162993206.42,,0,,30000000.0,0,,168855661.05,74077384.51,11863078.46,,,-127624977.53,,,,,,,59664319.8,,,361755064.52,218478411.05,0,,,,,258089.9,,,,11797602.39,,,,,,,,1058536842,,,68500000,,,3694371.1,,149519070.67,72426033.78,2194008790.39,775003059.78,931160075.58,1213199124.91,2194008790.39,980809665.48,1419005730.61,49649589.9,361755071.11,218478411.05,1148711286.81,,,,,,-569772039.23,,,,335.9539227094,3935.147270699,,-0.5548999534,,,,,,,,,,,,0,,,,136.517299787,-6.6893400929,,,,,,,,,,,,,,,,,,,0,,,,,,,,,43.7077362533,,,,,,,,,,,,,,,,1899.7107828899,-4.9193328661,,,,,,,,,35.7350670039,-48.0,,36.9454114444,3.4334720253,,,191.5501165936,,,,25.0,,,368.8965974824,3935.147270699,,,,14.5605689703,,,,,,,0,,,47.8517548311,37.375438181,,,,,,-7.0576104034,,,,-4.9423628992,,,,,,,,15.7714026802,,,28.0373831776,,,62.355872988,,0,25.1323354558,60.5375643792,216.877415835,43.9928409528,81.1515454691,60.5375643792,40.7290887004,26.4610936818,-1.2492581988,47.1654782538,37.375438181,71.5223994403,,,,,,-10.7358241948,,,带强调事项段的无保留意见,,0
000005.SZ,000005,ST星源,10004089,通用,2015-09-30 00:00:00,三季报,2015三季报,058001001,2015-10-30 00:00:00,2015-10-30 00:00:00,CNY,,38735460.52,2495914.47,,226038514.01,,,,,,,,,0,,,16284000.0,,,,269769861.01,271455898.8,,,,,,0,,0,,,,,,,,,,,6.59,,0,,,,,,24137872.87,,,,,,,,,,,,,1140986.65,,,,15323635.56,25307337.09,,,0,,,,,,7214121.42,50000000.0,,942893.27,710654443.96,,,32819485.36,,0,,18000000.0,0,,38735460.52,2495914.47,,,,-149374798.02,,,,,,,59664319.8,,,267084745.66,156869044.3,0,,,,,277688.04,,,,13420044.84,,,,,,,,914333607,,,35000000,,,2585852.37,,149519070.67,57846751.42,1336589011.74,220928124.53,646432317.22,639879006.48,1336589011.74,696710005.26,1115660887.21,50277688.04,268225738.9,156869044.3,639879006.48,,,,,,-544368734.18,,,,15.127494592,3.6059445815,,2.2033380417,,,,,,,,,,,,,,,,0.0,-8.5283932101,,,,,,,,,,,,,,,,,,,0,,,,,,,,,4.7166774808,,,,,,,,,,,,0.3357796819,,,,0.5462897634,-2.7674070946,,,,,,,,,-75.2782659513,,,-11.0223655076,-12.3613192278,,,-36.0552356195,,,,,,,15.127494592,3.6059445815,,,,,,,,,,,0.0,,,-52.2860072782,-3.3117742161,,,,,,-15.7929625782,,,,-87.6700883634,,,,,,,,0,,,-73.1800766284,,,74.1215448679,,0,26.5369961238,-15.762847958,-35.0321604782,-34.9279848006,7.9131553578,-15.762847958,-29.8901397832,-10.506577406,15146.372001716,-52.179321111,-3.3117742161,7.9131553578,,,,,,7.6785436853,,,,,0
000005.SZ,000005,ST星源,10004089,通用,2015-06-30 00:00:00,中报,2015中报,058001001,2015-07-25 00:00:00,2015-07-25 00:00:00,CNY,,39190827.39,2023114.66,,226354604.14,,,,,,,,,0,,,16284000.0,,,,269769861.01,273490143.33,,,,,,0,,0,0.0,,,,,,,,,,6.59,,0,0.0,,,,,25361096.34,,,,,,,,,,,,,1140986.65,,,,15373144.14,25513134.35,,,0,,,,,,7214121.42,50000000.0,,958093.73,710654443.96,0.0,,35780585.4,,0,0.0,18000000.0,0,0.0,39190827.39,2023114.66,,,,-149374798.02,,,,,0.0,0.0,59664319.8,,,267349642.98,156869044.3,0,0.0,0.0,0.0,,277688.04,0.0,0.0,,12412169.0,,,,,,,,914333607,,,35000000,,,2519293.67,,149519070.67,55237840.43,1341597410.43,222458057.5,644793201.85,646526520.54,1341597410.43,695070889.89,1119139352.93,50277688.04,268490636.22,156869044.3,646526520.54,,,,,,-537721220.12,,,,18.7868746237,-14.440536661,,2.5073328869,,,,,,,,,,,,,,,,0.2457426822,-5.0274807702,,,,,,,,,,,,,,,,,,,0,,,,,,,,,6.733131256,,,,,,,,,,,,0.3357796819,,,,0.7083572599,-4.981905068,,,,,,,,,-75.2782659513,,,5.9336898527,-12.3613192278,,,-29.9361202479,,,,,,,18.7868746237,-14.440536661,,,,,,,,,,,0.0,,,-52.014107083,-10.8896591161,,,,,,-15.7929625782,,,,-88.6065299903,,,,,,,,0,,,-73.7827715356,,,4.6210359333,,0,21.2756279032,-15.776384326,-37.1015784708,-35.1017769232,7.929926867,-15.776384326,-30.0645565225,-9.6900948201,15146.372001716,-51.9074741332,-10.8896591161,7.929926867,,,,,,7.7533180922,,,,,0
000005.SZ,000005,ST星源,10004089,通用,2015-03-31 00:00:00,一季报,2015一季报,058001001,2015-04-28 00:00:00,2015-04-28 00:00:00,CNY,,40715293.21,1072894.82,,226732416.3,,,,,,,,,0,,,16284000.0,,,,269769861.01,276793262.01,,,,,,0,,0,0.0,,,,,,,,,,6.59,,0,0.0,,,,,23165585.29,,,,,,,,,,,,,1140986.65,,,,15429070.94,24845078.7,,,0,,,,,,6781521.42,50000000.0,,950749.43,710654443.96,0.0,,47265096.46,,0,0.0,24000000.0,0,0.0,40715293.21,1072894.82,,,,-149374798.02,,,,,0.0,0.0,59664319.8,,,244621597.41,163521712.01,0,0.0,0.0,0.0,,277688.04,0.0,0.0,,12808428.92,,,,,,,,914333607,,,50500000,,,2213736.01,,149519070.67,57385915.73,1359236163.76,240097203.15,647309951.9,661648523.82,1359236163.76,697587639.94,1119138960.61,50277688.04,245762590.65,163521712.01,661648523.82,,,,,,-522599216.84,,,,23.5990237986,-55.1780518397,,2.4088352079,,,,,,,,,,,,,,,,0.2457426822,-6.7298793778,,,,,,,,,,,,,,,,,,,0,,,,,,,,,1.0290717815,,,,,,,,,,,,0.3357796819,,,,-0.4518022154,-8.3025104674,,,,,,,,,-76.7607225842,,,-36.9893655217,45.5986684773,,,-26.9979665848,,,,,,,-40.0729574454,-55.1780518397,,,,,,,,,,,0.0,,,31.2093809419,-7.136264614,,,,,,-15.7929625782,,,,28.9485669701,,,,,,,,0,,,-5.6074766355,,,6.178164532,,0,26.1145508028,13.8490116588,-10.6310657148,11.9909775857,7.486894497,13.8490116588,20.6206933999,20.9572363687,15146.372001716,31.0222077249,-7.136264614,7.486894497,,,,,,7.72974925,,,,,0
000005.SZ,000005,ST星源,10004089,通用,2014-12-31 00:00:00,年报,2014年报,058001001,2015-04-11 00:00:00,2016-04-27 00:00:00,CNY,,36011278.81,1835803.74,,227189613.6,,,,,,,,,0,,,16284000.0,,,,269769861.01,280787650.04,,,,,,0,,0,0.0,,,,,,,,,,6.59,,0,0.0,,,,,25921573.39,,,,,,,,,,,,,1140986.65,,,,15385047.58,26130526.13,,,0,,,,,,1679024.08,50000000.0,,967232.59,710654443.96,0.0,,55905725.0,,0,0.0,24000000.0,0,0.0,36011278.81,1835803.74,,,,-149374798.02,,,,,0.0,0.0,59664319.8,,,244674177.14,159037462.55,0,0.0,0.0,0.0,,277688.04,0.0,0.0,,12410999.0,,,,,,,,914333607,,,53500000,,,2275477.34,,149519070.67,57879550.89,1366663807.86,244575037.87,646671091.02,669715028.8,1366663807.86,696948779.06,1122088769.99,50277688.04,245815170.38,159037462.55,669715028.8,,,,,,-514532711.86,,,,11.7960811271,0.0572687441,,-0.8437891687,,,,,,,,,,,,0.0,,,,0.2457426822,-5.3839035016,,,,,,,,,,,,,,,,,,,0,,,,,,,,,4.6011943498,,,,,,,,,,,,0.3357796819,,,,0.0084989735,-4.6886805868,,,,,,,,,-86.9815766784,,,-49.6919343347,45.5986684773,,,22.9606860503,,,,,,,-46.4210165129,0.0572687441,,,,1.0895877156,,,,,,,0.0,,,34.2194691443,-15.5018295789,,,,,,-15.7929625782,,,,24.9474502855,,,,,,,,0,,,52.8571428571,,,1.2075018051,,0,22.9758151822,14.9757512523,-6.2326967958,14.6417520178,7.2841288895,14.9757512523,23.4827832684,20.9379287909,15146.372001716,34.0094085564,-15.5018295789,7.2841288895,,,,,,7.7396813651,,,带强调事项段的无保留意见,,0
000005.SZ,000005,ST星源,10004089,通用,2014-09-30 00:00:00,三季报,2014三季报,058001001,2014-10-29 00:00:00,2014-10-29 00:00:00,CNY,,33645707.88,2409045.62,,221165490.62,,,,,,,,,0,,,,,,,269769861.01,296765202.15,,,,,,0,,0,0.0,,,,,,,,,,6.59,,0,0.0,,,,,23050648.14,,,,,,,,,,,,,1137168.27,,,,15240378.93,26027627.5,,,0,,,,,,29181292.08,,,1059696.94,810891307.01,,,51324742.03,,0,0.0,,0,0.0,33645707.88,2409045.62,,,,,,,,,,,59664319.8,,,559761886.24,162242137.58,0,-151020296.62,,,,329768.21,,,,108841370.77,,,,,,,,914333607,,,130500000,,,1485084.67,,149519070.67,45715287.38,1586697768.55,340057674.93,993410631.65,592957368.69,1586697768.55,993740399.86,1246640093.62,329768.21,560899061.1,162242137.58,592957368.69,,,,,,-589644873.37,,,,-15.4215642676,7.6401226236,,2.0098946719,,,,,,,,,,,,,,,,0.2457426822,-3.4183705453,,,,,,,,,,,,,,,,,,,0,,,,,,,,,0.8682486387,,,,,,,,,,,,-0.477215092,,,,-0.6926345795,-70.3291274674,,,,,,,,,-4.2524124867,,,-4.1928865223,61.0907716443,,,466.2370542486,,,,,,,-15.4215642676,7.6401226236,,,,,,,,,,,,,,232.3708482161,10.3769494992,,,,,,-6.3803299795,,,,541.7248623621,,,,,,,,0,,,,,,-26.9254369398,,0,-25.9912446682,38.7701688477,78.4154227368,102.7582821428,-9.2086925312,38.7701688477,102.67987461,30.8395110044,-6.3803299795,230.8017129636,10.3769494992,-9.2086925312,,,,,,-8.3179707817,,,,,0
000005.SZ,000005,ST星源,10004089,通用,2014-06-30 00:00:00,中报,2014中报,058001001,2014-08-29 00:00:00,2014-08-29 00:00:00,CNY,,32992557.06,2364571.47,,220817962.74,,,,,,,,,0,,,,,,,269108546.45,287967662.17,,,,-151020296.62,,0,,0,0.0,,,,,,,,,,6.59,,0,0.0,,,,,23761222.07,,,,,,,,,,,,,1137168.27,,,,15265013.31,26850816.54,,,0,,,,,,29181292.08,,,904427.79,810891307.01,,,51068518.51,,0,0.0,,0,0.0,32992557.06,2364571.47,0.0,,,,,,,,,,59664319.8,,,557142165.6,176039102.47,0,0.0,,,,329768.21,,,,108941077.56,,,,,,,,914333607,,,133500000.0,,,2408018.28,,149519070.67,45547354.72,1592899330.78,353678283.32,993545233.26,599024329.31,1592899330.78,993875001.47,1239221047.46,329768.21,558279340.46,176039102.47,599024329.31,,,,,,-582916598.19,,,,-15.4635401714,61.8232695704,,-3.4455388704,,,,,,,,,,,,,,,,0,-11.3511843672,,,,-11.4564124802,,,,,,,,,,,,,,,0,,,,,,,,,2.1623180663,,,,,,,,,,,,-0.477215092,,,,-0.8008451586,-69.4039648866,,,,,,,,,-4.2524124867,,,-54.1621737871,61.0907716443,,,409.4763647946,,,,,,,-15.4635401714,61.8232695704,,,,,,,,,,,,,,263.6952221977,9.6971895993,,,,,,-6.3803299795,,,,538.472866543,,,,,,,,0,,,345.0,,,8.4291701684,,0,-26.3280187028,35.4393985548,73.0212098618,92.5092032423,-9.1895491804,35.4393985548,92.4417567213,27.5333111476,-6.3803299795,261.7393681856,9.6971895993,-9.1895491804,,,,,,-8.384761977,,,,,0
000005.SZ,000005,ST星源,10004089,通用,2014-03-31 00:00:00,一季报,2014一季报,058001001,2014-04-26 00:00:00,2014-04-26 00:00:00,CNY,,32941435.91,2393681.81,,221399272.67,,,,,,,,,0,,,,,,,269108546.45,296765202.15,,,,-151020296.62,,0,,0,,,,,,,,,,,6.59,,0,,,,,,22929623.01,,,,,,,,,,,,,1137168.27,,,,15499096.2,27094611.67,,,0,,,,,,29181292.08,,,1508871.38,488091307.01,,,64744904.01,,0,,,0,,67941435.91,2393681.81,35000000.0,,,,,,,,,,59664319.8,,,186436057.89,176087803.63,0,,,,,329768.21,,,,9932975.0,,,,,,,,914333607,,,53500000.0,,,2084925.86,,149519070.67,45503009.26,1193893687.75,268658460.65,578001876.45,615562043.09,1193893687.75,578331644.66,925235227.1,329768.21,187573232.75,176087803.63,615562043.09,,,,,,-566378884.41,,,,-18.7702203678,822.2891276825,,-0.4551537141,,,,,,,,,,,,,,,,0,-7.9291089958,,,,-11.3404288622,,,,,,,,,,,,,,,0,,,,,,,,,0.8251637606,,,,,,,,,,,,-3.0363200592,,,,0.2682432186,-69.1802714473,,,,,,,,,-4.2524124867,,,-56.7290230698,-3.0363199119,,,340.4017544008,,,,,,,67.5357407595,822.2891276825,,,,,,,,,,,,,,33.8797398611,13.8772943308,,,,,,-6.3803299795,,,,-42.4412144147,,,,,,,,0,,,78.3333333333,,,-21.4539625869,,0,-28.340395756,1.8139904757,32.7987143522,15.7051203794,-8.4969290592,1.8139904757,15.6895583888,-4.6461276132,-6.3803299795,33.5714381293,13.8772943308,-8.4969290592,,,,,,-7.9639358182,,,,,0
000005.SZ,000005,ST星源,10004089,通用,2013-12-31 00:00:00,年报,2013年报,058001001,2014-04-26 00:00:00,2015-04-11 00:00:00,CNY,,32211575.26,1834753.0,,229122928.05,,,,,,,,,0,,,16284000.0,,,,269108546.45,296765202.15,,,,-151020296.62,,0,,0,0.0,,,,,,,,,,6.59,,0,0.0,,,,,24781335.96,,,,,,,,,,,,,1137168.27,,,,15383740.12,27415973.56,,,0,,,,,,12897292.08,,,1922619.32,488091307.01,0.0,,45466341.15,,0,0.0,,0,0.0,67211575.26,1834753.0,35000000.0,,,-151020296.62,,,,,0.0,0.0,59664319.8,,,182294102.86,188214090.03,0,0.0,0.0,0.0,,329768.21,0.0,0.0,,9932975.0,,,,,,,,914333607,,,35000000.0,,,2248328.73,,149519070.67,47065799.73,1188653949.18,260831899.3,564079909.49,624244271.48,1188653949.18,564409677.7,927822049.88,329768.21,183431277.72,188214090.03,624244271.48,,,,,,-557696656.02,,,,-30.9591955664,-98.6933588778,,-0.4282229759,,,,,,,,,,,,,,,,0,-6.2261332416,,,,-11.4564124802,,,,,,,,,,,,,,,0,,,,,,,,,3.0028482393,,,,,,,,,,,,-3.0363200592,,,,1.2666321643,-68.9744313634,,,,,,,,,-57.68231925,,,-47.6204952911,-3.0363199119,,,246.7635882157,,,,,,,44.0581898199,-98.6933588778,,,,,,,,,,,,,,-30.5068212022,12.4955792771,,,,,,-6.3803299795,,,,-42.4412144147,,,,,,,,0,,,16.6666666667,,,1.6843683007,,0,-27.348946724,-9.9301529679,-26.169665873,-11.4822771408,-8.4819152917,-9.9301529679,-11.479458581,-3.99359975,-6.3803299795,-30.384551975,12.4955792771,-8.4819152917,,,,,,-8.2139843139,,,带强调事项段的无保留意见,,0
000005.SZ,000005,ST星源,10004089,通用,2013-09-30 00:00:00,三季报,2013三季报,058001001,2013-10-30 00:00:00,2013-10-30 00:00:00,CNY,,39780480.2,2238055.44,,216807880.58,,,,,,,,,0,,,,,,,269108546.45,307268787.89,,,,-135497180.7,,0,,0,,,,,,,,,,,6.59,,0,,,,,,22852233.93,,,,,,,,,,,,,1142621.03,,,,15346675.31,87721139.55,,,0,,,,,,30477313.15,,,1106073.34,503375394.34,,,9064179.33,,0,,,0,,39780480.2,2238055.44,,,,,,,,,,,,,,168414856.25,146989147.93,0,,,,,352242.44,,,,16960753.3,,,,,,,,914333607,,,,,,2032286.76,,149519070.67,61770107.03,1143399753.51,190598811.31,489948238.44,653099272.63,1143399753.51,490300480.88,952800942.2,352242.44,169557483.87,146989147.93,653099272.63,,,,,,-544364770.79,,,,-20.9922974996,128.2831443819,,-1.3105605,,,,,,,,,,,,,,,,0,13.2880183825,,,,0.1040618619,,,,,,,,,,,,,,,0,,,,,,,,,-4.8097674229,,,,,,,,,,,,-2.5533494815,,,,-3.9047361742,-9.7837217783,,,,,,,,,-58.3880224147,,,-97.2309753205,-9.28522013,,,48.2911807386,,,,,,,-20.9922974996,128.2831443819,,,,,,,,,,,,,,-20.940900817,13.5186627172,,,,,,-10.1497115215,,,,-18.6304717478,,,,,,,,0,,,,,,3.8935893281,,0,3.480248367,-7.6282084301,9.9238042833,-17.0819495652,1.0131144347,-7.6282084301,-17.0773532849,-10.4873623705,-10.1497115215,-20.8402425459,13.5186627172,1.0131144347,,,,,,1.1636595963,,,,,0
000005.SZ,000005,ST星源,10004089,通用,2013-06-30 00:00:00,中报,2013中报,058001001,2013-08-28 00:00:00,2013-08-28 00:00:00,CNY,,39027606.7,1461206.09,,228697835.56,,,,,,,,,0,,,,,,,269108546.45,324840958.24,,,,-135497180.7,,0,,0,,,,,,,,,,,6.59,,0,,,,,,23258303.57,,,,,,,,,,,,,1142621.03,,,,15388249.36,87759137.55,,,0,,,,,,30477313.15,,,1973103.58,503375394.34,,,10023726.72,,0,,,0,,39027606.7,1461206.09,,,,,,,,,,,,,,153189300.16,160477313.15,0,,,,,352242.44,,,,17062757.6,,,,,,,,914333607,,,30000000.0,,,2220821.46,,149519070.67,61824528.02,1176097463.35,204413252.92,516102719.52,659642501.39,1176097463.35,516454961.96,971684210.43,352242.44,154331927.78,160477313.15,659642501.39,,,,,,-537821542.03,,,,-22.4875737056,-11.0587241822,,2.7181826142,,,,,,,,,,,,,,,,0,19.7667641455,,,,0.1040618619,,,,,,,,,,,,,,,0,,,,,,,,,-4.7293937549,,,,,,,,,,,,-2.5533494815,,,,-1.996144547,-10.233492765,,,,,,,,,-58.3880224147,,,-95.4918644351,-9.28522013,,,109.3968670609,,,,,,,-22.4875737056,-11.0587241822,,,,,,,,,,,,,,-34.9373775412,33.860073883,,,,,,-10.1497115215,,,,-18.1688131501,,,,,,,,0,,,,,,1.2387989079,,0,4.4761848129,-4.5419924905,25.5092667338,-9.6121735979,4.5925298978,-4.5419924905,-14.1215519953,-9.1196247179,-98.8410040078,-34.7768999291,33.860073883,4.5925298978,,,,,,5.0866014241,,,,,0
000005.SZ,000005,ST星源,10004089,通用,2013-03-31 00:00:00,一季报,2013一季报,058001001,2013-04-24 00:00:00,2013-04-24 00:00:00,CNY,,40553398.1,259537.03,,222411587.27,,,,,,,,,,,,,,,,269108546.45,322322504.88,,,,-135638328.47,,,,,,,,,,,,,,,6.59,,,,,,,,22741964.56,,,,,,,,,,,,,1172777.55,,,,15457632.15,87913206.71,,,,,,,,,30477313.15,,,3487028.69,503375394.34,,,14701327.45,,,,,,,40553398.1,259537.03,,,,,,,,,,,,,,139256364.02,154629423.42,,,,,,352242.44,,,,17257096.2,,,,,,,,914333607,,,30000000,,,2654399.8,,149519070.67,63498828.58,1172622428.58,202305016.25,499547361.91,672722824.23,1172622428.58,499899604.35,970317412.33,352242.44,140429148.16,154629423.42,672722824.23,,,,,,-524600071.42,,,,-14.422625731,-88.140026245,,554.0433643983,,,,,,,,,,,,,,,,0,3.6703788905,,,,0.0,,,,,,,,,,,,,,,0,,,,,,,,,-8.7425864401,,,,,,,,,,,,0.018502242,,,,-1.6805465812,-10.6835838488,,,,,,,,,-58.3880224147,,,-64.4052729846,-9.28522013,,,33.0169562187,,,,,,,-14.422625731,-88.140026245,,,,,,,,,,,,,,-66.1654678233,19.9596202915,,,,,,-48.3540186098,,,,-16.9041647674,,,,,,,,0,,,52.2842639594,,,-3.0623955204,,0,6.3126963193,-6.5420886668,13.2528120368,-13.3201876492,3.8615688911,-6.5420886668,-17.6435952132,-9.8280950627,-98.8519585897,-65.9774495076,19.9596202915,3.8615688911,,,,,,4.5508126945,,,,,0
000005.SZ,000005,ST星源,10004089,通用,2012-12-31 00:00:00,年报,2012年报,058001001,2013-04-24 00:00:00,2014-04-26 00:00:00,CNY,,46655851.6,140417515.48,,230108304.68,,,,,,,,,0.0,,,,,,,269108546.45,316468982.68,,,,-135497180.7,,0.0,,0.0,,,,,,,,,,,6.59,,0.0,,,,,,24058884.18,,,,,,,,,,,,,1172777.55,,,,15191321.95,88365740.79,,,0.0,,,,,,30477313.15,,,3670556.51,503375394.34,,,13111624.95,,0.0,,,0.0,,46655851.6,140417515.48,,,,,,,,,,,,,,262319418.99,167307987.78,0.0,,,,,352242.44,,,,17257096.2,,,,,,,,914333607,,,30000000,,,2211085.9,,149519070.67,64783368.73,1319702418.01,353285546.36,637250814.04,682099361.53,1319702418.01,637603056.48,966416871.65,352242.44,263492203.13,167307987.78,682099361.53,,,,,,-515364681.89,,,,-1.006921897,10176.6963816431,,769.7091842313,,,,,,,,,,,,,,,,0,1.9008767046,,,,0.1040618619,,,,,,,,,,,,,,,0,,,,,,,,,-8.3037778053,,,,,,,,,,,,0.018502242,,,,-1.9585173974,-10.6961036772,,,,,,,,,-58.3880224147,,,-72.1126410835,-9.28522013,,,-19.5247798515,,,,,,,-1.006921897,10176.6963816431,,,,,,,,,,,,,,-36.5071282467,33.0673801941,,,,,,-48.3540186098,,,,-16.9041647674,,,,,,,,0,,,52.2842639594,,,-8.5519611352,,0,8.0789390077,4.6895846191,96.6484152806,11.8047564543,3.35831742,4.6895846191,6.1522543544,-10.5941741711,-98.8519585897,-36.4037571442,33.0673801941,3.35831742,,,,,,4.0979120419,,,带强调事项段的无保留意见,,0
000005.SZ,000005,ST星源,10004089,通用,2012-09-30 00:00:00,三季报,2012三季报,058001001,2012-10-27 00:00:00,2012-10-27 00:00:00,CNY,,50350129.09,980385.76,,219687011.78,,,,,,,,,,,,,,,,269108546.45,271227965.92,,,,-135638328.47,,,0.0,,0.0,,,3877430.61,,,,,,,6.59,,,,,,,,24006910.49,,,,,,,,,,,,,1172560.6,,,,15970272.31,97234270.0,,,,,,,,,73241684.05,,,39944510.0,554898986.76,,,6112419.69,,,,,,,50350129.09,980385.76,,,,,,,,,,,,,,213024001.02,129484566.16,,,,,,392032.62,,,,20844109.17,,,,,,,,914333607,,,45000000,,,1956123.35,,149519070.67,59692654.4,1237823510.92,173391753.09,590882486.83,646548991.47,1237823510.92,591274519.45,1064431757.83,392032.62,214196568.21,129484566.16,646548991.47,,,,,,-550773904.18,,,,50.7559260464,30.9922523985,,582.1391502921,,,,,,,,,,,,,,,,0,-9.1159740729,,,,-27.0033509888,,,,,,,,-6.8071651366,,,,,,,0,,,,,,,,,-67.6928187197,,,,,,,,,,,,1214.8050158032,,,,-70.3746939898,323.490207216,,,,,,,,,-3.0970173383,,,106.9708098463,-4.7277684424,,,-56.3098997759,,,,,,,50.7559260464,30.9922523985,,,,,,,,,,,,,,-51.7355479239,4.152883754,,,,,,-12.41464266,,,,-2.0277635394,,,,,,,,0,,,112.2641509434,,,-16.1375084932,,0,1.8982041886,-4.1504182664,-19.0679144812,0.2898507298,-7.8728364654,-4.1504182664,0.2802063544,-1.1834316552,-12.41464266,-51.4796861229,4.152883754,-7.8728364654,,,,,,-5.0370394817,,,,,0
000005.SZ,000005,ST星源,10004089,通用,2012-06-30 00:00:00,中报,2012中报,058001001,2012-08-29 00:00:00,2012-08-29 00:00:00,CNY,0.0,50350129.09,1642888.61,,222645913.06,0.0,0.0,,,,,,,,,,0.0,0.0,0.0,0.0,269108546.45,271227965.92,,,,-135638328.47,,,0.0,,0.0,,,3877430.61,0.0,,,0.0,,,6.59,0.0,,,,0.0,,,24412885.03,0.0,,,,,0.0,0.0,0.0,,,0.0,0.0,1172560.6,0.0,,,15701677.54,97763787.69,,0.0,,,,,0.0,0.0,73241684.05,30000000.0,0.0,43767618.6,554898986.76,,0.0,4786951.62,0.0,,,0.0,,,50350129.09,1642888.61,0.0,0.0,0.0,,,0.0,0.0,,,,0.0,,0.0,235449009.54,119884375.15,,,,,,392032.62,,,0.0,20851167.21,0.0,0.0,0.0,0.0,0.0,0.0,0.0,914333607,,,0,0.0,0.0,2193646.59,,149519070.67,59175713.71,1232057418.79,162867060.13,570986979.18,630678406.99,1232057418.79,601379011.8,1069190358.66,30392032.62,236621576.73,119884375.15,630678406.99,0.0,,0.0,,0.0,-566644488.66,,,,52.8228607046,12.8376463669,,759.705440342,,,,,,,,,,,,,,,,0,-8.4534753088,,,,-27.0033509888,,,,,,,,-6.8071651366,,,,,,,0,,,,,,,,,-67.5142455747,,,,,,,,,,,,1214.8050158032,,,,-70.8973061489,325.7964471483,,,,,,,,,-3.0970173383,,,110.4269274266,-4.7277684424,,,-54.4964953578,,,,,,,52.8228607046,12.8376463669,,,,,,,,,,,,,,-46.3569670816,-8.7902352937,,,,,,-12.41464266,,,,-2.1601424428,,,,,,,,0,,,-100.0,,,-9.5278967235,,0,-0.0657489526,-4.9367059727,-25.5220470217,-1.6089559275,-11.8261953061,-4.9367059727,3.5482567333,-0.758379149,6689.9886425542,-46.1007699799,-8.7902352937,-11.8261953061,,,,,,-10.9121460683,,,,,0
000005.SZ,000005,ST星源,10004089,通用,2012-03-31 00:00:00,一季报,2012一季报,058001001,2012-04-24 00:00:00,2012-04-24 00:00:00,CNY,,47387990.63,2188344.05,,34005633.17,,,,,,,,,,,,,,,,269108546.45,310910896.95,,,,-135638328.47,,,0.0,,0.0,,,3877430.61,,,,,,,6.59,,,,,,,,24920676.22,,,,,,,,,,,,,1172560.6,,,,15721845.08,98428945.65,,,,,,,,,73241684.05,30000000.0,,9796475.44,554898986.76,,,11052220.61,,,,,,,47387990.63,2188344.05,,,,,,,,,,,,,,411580580.73,128901227.8,,,,,,682032.62,,,,20767702.92,,,,,,,,914333607,,,19700000,,,2738256.03,,149519070.67,59728358.68,1254706436.14,178631340.46,576313386.43,647711017.09,1254706436.14,606995419.05,1076075095.68,30682032.62,412753147.92,128901227.8,647711017.09,,,,,,-549611878.56,,,,54.8695872959,-82.2765881632,,182.58952945,,,,,,,,,,,,,,,,0,8.1901883356,,,,-27.0033509888,,,,,,,,-6.8071651366,,,,,,,0,,,,,,,,,-64.4978300692,,,,,,,,,,,,-98.9505495866,,,,-70.6567700815,326.400609322,,,,,,,,,-3.0970173383,,,-45.3731879486,-5.4968581422,,,-54.7593799946,,,,,,,54.8695872959,-82.2765881632,,,,,,,,,,,,,,45.3473423526,3.4006298888,,,,,,-81.3018834211,,,,107.6770292,,,,,,,,0,,,-80.5692916444,,,35.9775364462,,0,-2.6287258976,-2.7753339474,-20.6146842607,-4.3104329981,-5.3885581033,-2.7753339474,0.1772200516,0.9920611665,741.1565751891,4.5205904976,3.4006298888,-5.3885581033,,,,,,-1.4865946244,,,,,0
000005.SZ,000005,ST星源,10004089,通用,2011-12-31 00:00:00,年报,2011年报,058001001,2012-04-24 00:00:00,2013-04-24 00:00:00,CNY,,47130418.1,1366368.24,,26458074.59,,,,,,,,,,,,,,,,269108546.45,310565515.15,,,,-135638328.47,,,0,,0,,,3877430.61,,,,,,,6.59,,,,,,,,26237595.84,,,,,,,,,,,,,1172560.6,,,,15494790.11,98949479.73,,,,,,,,,73241684.05,30000000.0,,13162080.07,554898986.76,,,16292748.16,,,,,,,47130418.1,1366368.24,,,,,,,,,,,,,,413147825.49,125731781.55,,,,,,682032.62,,,,20767702.92,,,,,,,,914333607,,,19700000.0,,,2417860.38,,149519070.67,59940788.95,1260586163.19,179653390.98,569967534.7,659936595.87,1260586163.19,600649567.32,1080932772.21,30682032.62,414320392.68,125731781.55,659936595.87,,,,,,-537386299.78,,,,39.2314332358,-87.3766645173,,114.6226120957,,,,,,,,,,,,,,,,0,8.2283004183,,,,-24.6157528897,,,,,,,,-6.8071651366,,,,,,,0,,,,,,,,,-66.2783365592,,,,,,,,,,,,-99.0207945179,,,,-71.2744665086,321.3303678122,,,,,,,,,-0.4005653822,,,-37.965889642,-4.7277684424,,,-13.8425102134,,,,,,,39.2314332358,-87.3766645173,,,,,,,,,,,,,,56.738714153,5.612506192,,,,,,-81.3018834211,,,,-2.4446495903,,,,,,,,0,,,-83.4988899339,,,5.7609010453,,0,-5.5447990539,-2.552737981,-19.8024655884,-7.2689718962,-2.2772226512,-2.552737981,-2.8536624083,1.0600068044,741.1565751891,8.0827475428,5.612506192,-2.2772226512,,,,,,2.0799255593,,,带解释性说明的无保留意见,,0
000005.SZ,000005,ST星源,10004089,通用,2011-09-30 00:00:00,三季报,2011三季报,058001001,2011-10-29 00:00:00,2011-10-29 00:00:00,CNY,,33398441.05,748430.34,,32205600.82,,,,,,,,,,,,,,,,269108546.45,298433044.92,,,,-106799015.47,,,0,,0,,,4160653.14,,,,,,,6.59,,,,,,,,74308279.27,,,,,,,,,,,,,89181.33,,,,53907535.35,22960216.87,,,,,,,,,75582486.77,,,19299586.27,582435173.07,,,13990399.79,,,,,,,33398441.05,748430.34,,,,,,,,,,,,,,441368319.45,124321633.25,,,,,,447600.64,,,,21275526.54,,,,,,,,914333607,,,21200000.0,,,2332536.65,,149519070.67,58580673.6,1291422965.58,214243525.27,589174759.49,701800605.45,1291422965.58,589622360.13,1077179440.31,447600.64,441457507.37,124321633.25,701800605.45,,,,,,-524361603.2,,,,6.251690966,-50.255799381,,82.0548939471,,,,,,,,,,,,,,,,0,6.5675524185,,,,-20.9784950341,,,,,,,,92.1849904396,,,,,,,0,,,,,,,,,19.3720889437,,,,,,,,,,,,-99.91642479,,,,0.5964477084,-51.0413192551,,,,,,,,,-12.0494754464,,,-37.1224176396,-3.5801863291,,,-37.6676489776,,,,,,,6.251690966,-50.255799381,,,,,,,,,,,,,,71.4253321145,40.7823613731,,,,,,10.3871332389,,,,-1.4641614445,,,,,,,,0,,,-85.1408547789,,,15.474685557,,0,-11.0156536259,-0.6201966475,14.3018289817,-5.5547185174,3.9319268459,-0.6201966475,-5.5443631635,-3.1353223174,10.3871332389,21.220390441,40.7823613731,3.9319268459,,,,,,7.9149138988,,,,,0
000005.SZ,000005,ST星源,10004089,通用,2011-06-30 00:00:00,中报,2011中报,058001001,2011-08-31 00:00:00,2011-08-31 00:00:00,CNY,,32946725.94,1455975.61,,25897929.99,,,,,,,,,,,,,,,,269108546.45,296273361.37,,,,-106799015.47,,,0,,0,,,4160653.14,,,,,,,6.59,,,,,,,,75149509.26,,,,,,,,,,,,,89181.33,,,,53952660.26,22960216.87,,,,,,,,,75582486.77,,,20799438.14,582435173.07,,,10519962.49,,,,,,,32946725.94,1455975.61,,,,,,,,,,,,,,438918153.45,131438092.77,,,,,,447600.64,,,,21311526.54,,,,,,,,914333607,,,20832828.5,,,2424666.29,,149519070.67,59214646.72,1296039056.29,218678217.67,580324138.81,715267316.84,1296039056.29,580771739.45,1077360838.62,447600.64,439007341.37,131438092.77,715267316.84,,,,,,-510894891.81,,,,4.0063084709,-3.1379892112,,48.7877484847,,,,,,,,,,,,,,,,0,4.8223720151,,,,-21.8093243412,,,,,,,,92.1849904396,,,,,,,0,,,,,,,,,-0.8406983953,,,,,,,,,,,,-99.9173945834,,,,-0.7812298259,-51.7247989979,,,,,,,,,-0.4675141858,,,-25.2237459521,-3.3583191369,,,-75.1108565986,,,,,,,4.0063084709,-3.1379892112,,,,,,,,,,,,,,87.1523696493,62.8793595149,,,,,,10.3871332389,,,,-6.1199349875,,,,,,,,0,,,-85.3982064129,,,-0.2756144444,,0,-36.1095373689,-1.5264565262,8.5007857814,-7.7906045783,4.2103116832,-1.5264565262,-7.7789005086,-3.3396384547,10.3871332389,28.1828889913,62.8793595149,4.2103116832,,,,,,8.591661508,,,,,0
000005.SZ,000005,ST星源,10004089,通用,2011-03-31 00:00:00,一季报,2011一季报,058001001,2011-04-30 00:00:00,2011-04-30 00:00:00,CNY,,30598642.03,12347194.04,,12033578.61,,,,,,,,,,,,,,,,269108546.45,287374392.94,,,,-106799015.47,,,0,,0,,,4160653.14,,,,,,,6.59,,,,,,,,70194797.3,,,,,,,,,,,,,111730919.83,,,,53579122.42,23083678.47,,,,,,,,,75582486.77,,,17933456.25,587175173.07,,,24429861.06,,,,,,,30598642.03,12347194.04,,,,,,,,,,,,,,283170351.84,124661936.72,,,,,,3647600.64,,,,10000000.0,,,,,,,,914333607,,,101385907.5,,,2013756.17,,149519070.67,61340841.26,1290522752.18,225018114.24,602274003.83,684601147.71,1290522752.18,605921604.47,1065504637.94,3647600.64,394901278.26,124661936.72,684601147.71,,,,,,-541561060.94,,,,-5.9316922132,660.5753291425,,-33.3767612216,,,,,,,,,,,,,,,,0,2.6554147945,,,,-21.9629977143,,,,,,,,92.1849904396,,,,,,,0,,,,,,,,,-13.3328766123,,,,,,,,,,,,7.1582916523,,,,41.2563552392,-51.2991731381,,,,,,,,,1.2046999727,,,-41.6388746085,-2.5718254832,,,-52.4933916644,,,,,,,-5.9316922132,660.5753291425,,,,,,,,,,,,,,36.7448726546,41.8022859335,,,,,,475.8687239303,,,,-12.290609761,,,,,,,,0,,,-30.9703941728,,,285.4547167846,,0,-40.6280501649,-1.4022227067,18.2490189508,-1.6933774423,-1.5803896615,-1.4022227067,-1.2001428536,-4.7452597091,475.8687239303,26.8365891744,41.8022859335,-1.5803896615,,,,,,1.498577101,,,,,0
000005.SZ,000005,ST星源,10004089,通用,2010-12-31 00:00:00,年报,2010年报,058001001,2011-04-30 00:00:00,2012-04-24 00:00:00,CNY,,33850415.1,10824145.82,,12327719.96,,,,,,,,,,,,,,,,269108546.45,286954072.04,,,,-108845250.56,,,0,,0,,,4160653.14,,,,,,,6.59,,,,,,,,77806351.06,,,,,,,,,,,,,119746122.9,,,,53940826.25,23485010.17,,,,,,,,,73536244.79,,,21217488.24,582435173.07,,,18910425.78,,,,,,,33850415.1,10824145.82,,,,,,,,,,,,,,263590158.77,119050087.99,,,,,,3647600.64,,,,21288122.93,,,,,,,,914333607,,,119385907.5,,,2286157.13,,149519070.67,63459490.16,1293608601.28,224013608.77,614645978.11,675315022.53,1293608601.28,618293578.75,1069594992.51,3647600.64,383336288.26,119050087.99,675315022.53,,,,,,-548800951.03,,,,7.0263628935,619.5654981155,,-29.925529854,,,,,,,,,,,,,,,,0,2.5052684439,,,,-24.1431521641,,,,,,,,92.1849904396,,,,,,,0,,,,,,,,,-10.0378819293,,,,,,,,,,,,14.8897124985,,,,42.3239623135,-51.7751157811,,,,,,,,,-3.1621536393,,,-38.2379772695,-3.3583191369,,,-57.0487331524,,,,,,,7.0263628935,619.5654981155,,,,,,,,,,,,,,16.2754286088,26.5688252529,,,,,,475.8687239303,,,,85.86098608,,,,,,,,0,,,-7.3616395089,,,9.3989934778,,0,-39.6132239119,-1.9402076022,18.5600456159,-0.251108804,-3.8529398721,-1.9402076022,0.2378101767,-5.3672339509,475.8687239303,15.8389834193,26.5688252529,-3.8529398721,,,,,,-1.0856612592,,,保留意见,,0
000005.SZ,000005,ST星源,10004089,通用,2010-09-30 00:00:00,三季报,2010三季报,058001001,2010-10-29 00:00:00,2010-10-29 00:00:00,CNY,,31433326.61,1504557.98,,17690049.48,,,,,,,,,,,,,,,,269108546.45,280041192.79,,,,-88279338.77,,,0,,0,,,2164920.96,,,,,,,6.59,,,,,,,,62249291.21,,,,,,,,,,,,,106707874.22,,,,53587911.48,46897131.46,,,,,,,,,85937505.38,,,30693906.39,604061707.75,,,22444845.35,,,,,,,31433326.61,1504557.98,,,,,,,,,,,,,,257469718.16,88307677.21,,,,,,405482.62,,,,21591663.35,,,,,,,,914333607,,,142673079,,,2019954.97,,149519070.67,65832560.43,1299482311.31,187436655.37,623826569.46,675250259.23,1299482311.31,624232052.08,1112045655.94,405482.62,364177598.97,88307677.21,675250259.23,,,,,,-569431626.12,,,,18.0943301048,32.3482679644,,33.0788314499,,,,,,,,,,,,,,,,0.0,0.2997761439,,,,-1.4529068485,,,,,,,,31.7156912116,,,,,,,0,,,,,,,,,-22.4331795815,,,,,,,,,,,,16.3343845085,,,,-22.980458902,64.9793876656,,,,,,,,,6.164245869,,,-5.5322247881,0.4927129496,,,-15.2780966211,,,,,,,18.0943301048,32.3482679644,,,,,,,,,,,,,,37.1616747373,-23.4420213288,,,,,,-13.3505235028,,,,65.6046956812,,,,,,,,0,,,10.7082100522,,,-42.2231833918,,0,-52.029392594,-2.2693751071,-16.9133385344,5.9214289062,-8.7791900652,-2.2693751071,5.9061283562,0.7228001394,-13.3505235028,30.3251378551,-23.4420213288,-8.7791900652,,,,,,-12.6006389229,,,,,0
000005.SZ,000005,ST星源,10004089,通用,2010-06-30 00:00:00,中报,2010中报,058001001,2010-08-30 00:00:00,2010-08-30 00:00:00,CNY,,31677622.66,1503144.11,,17405955.97,,,,,,,,,,,,,,,,269108546.45,282643252.27,,,,-87677208.66,,,0,,0,,,2164920.96,,,,,,,6.59,,,,,,,,75786646.38,,,,,,,,,,,,,107960632.21,,,,54377473.3,47561100.51,,,,,,,,,75937505.38,,,27815565.79,602674920.25,,,42267274.21,,,,,,,31677622.66,1503144.11,,,,,,,,,,,,,,234524496.95,80696592.35,,,,,,405482.62,,,,22700800.79,,,,,,,,914333607,,,142673079,,,2431367.49,,149519070.67,92681511.89,1316129196.3,201545284.76,629354672.76,686369040.92,1316129196.3,629760155.38,1114583911.54,405482.62,342485135.75,80696592.35,686369040.92,,,,,,-558914974.54,,,,16.5066339786,32.2238970541,,3.0021377495,,,,,,,,,,,,,,,,-0.070947504,2.4559290292,,,,-0.7609233016,,,,,,,,31.7156912116,,,,,,,0,,,,,,,,,-6.49824408,,,,,,,,,,,,17.5782790447,,,,-21.5116563709,64.4369225098,,,,,,,,,-6.1894110588,,,-16.3888884945,-0.5638412719,,,136.8235288093,,,,,,,16.5066339786,32.2238970541,,,,,,,,,,,,,,45.13265432,-24.4671802102,,,,,,-17.1537093192,,,,64.61200036,,,,,,,,0,,,10.7082100522,,,-11.022283101,,0,-32.4962509998,-0.0425302999,-3.5171331608,11.113788575,-8.4590080246,-0.0425302999,11.089383288,0.6126600269,-17.1537093192,35.1487749313,-24.4671802102,-8.4590080246,,,,,,-12.6499621313,,,,,0
000005.SZ,000005,ST星源,10004089,通用,2010-03-31 00:00:00,一季报,2010一季报,058001001,2010-04-30 00:00:00,2010-04-30 00:00:00,CNY,,32528109.36,1623401.86,,18062133.92,,,,,,,,,,,,,,,,269108546.45,279940803.43,,,,-87566735.38,,,0,,0,,,2164920.96,,,,,,,6.59,,,,,,,,80993570.06,,,,,,,,,,,,,104267171.59,,,,37930415.47,47398945.68,,,,,,,,,74682783.3,,,30728427.75,602674920.25,,,51424132.17,,,,,,,32528109.36,1623401.86,,,,,,,,,,,,,,207079319.57,87912501.48,,,,,,633408.36,,,,11401287.79,,,,,,,,914333607,,,146873079,,,522436.51,,149519070.67,103316198.02,1308876110.2,190291738.77,612648454.56,695594247.28,1308876110.2,613281862.92,1118584371.43,633408.36,311346497.75,87912501.48,695594247.28,,,,,,-549800241.46,,,,41.0185377422,-90.21328773,,7.9549713172,,,,,,,,,,,,,,,,0.0,1.4709229756,,,,-0.6339645416,,,,,,,,31.7156912116,,,,,,,0,,,,,,,,,1.905650947,,,,,,,,,,,,16.8525153328,,,,-46.0322756321,75.558815352,,,,,,,,,-7.7394516704,,,11.3920277871,-0.5638412719,,,9.6622476984,,,,,,,41.0185377422,-90.21328773,,,,,,,,,,,,,,-13.158231222,-41.4617680889,,,,,,19.7989175042,,,,-12.2291942238,,,,,,,,0,,,10.173954178,,,-40.2640068628,,0,-24.9190804725,-6.2116838153,-35.9144669479,-4.1650484762,-7.9610657051,-6.2116838153,-4.1452449224,1.816283004,19.7989175042,-4.9862200452,-41.4617680889,-7.9610657051,,,,,,-12.1617229908,,,,,0
000005.SZ,000005,ST星源,10004089,通用,2009-12-31 00:00:00,年报,2009年报,058001001,2011-04-30 00:00:00,2011-04-30 00:00:00,CNY,,31628109.36,1504261.37,,17592312.77,,,,,,,,,,,,,,,,269108546.45,279940803.43,,,,-87677208.66,,,0,,0,,,2164920.96,,,,,,,6.59,,,,,,,,86487904.83,,,,,,,,,,,,,104227019.37,,,,37900031.29,48698945.68,,,,,,,,,75937505.38,,,34353616.19,602674920.25,,,44027632.17,,,,,,,31628109.36,1504261.37,,,,,,,,,,,,,,226694635.25,94059566.21,,,,,,633408.36,,,,11453787.79,,,,,,,,914333607,,,128873079,,,2089742.38,,149519070.67,105088389.0,1319203895.55,188945278.83,616193293.72,702377193.47,1319203895.55,616826702.08,1130258616.72,633408.36,330921661.21,94059566.21,702377193.47,,,,,,-542906821.99,,,,11.588577867,-91.2870421443,,4.5376508328,,,,,,,,,,,,,,,,0.0,2.2218314238,,,,-0.7609233016,,,,,,,,31.7156912116,,,,,,,0,,,,,,,,,6.2453689328,,,,,,,,,,,,13.5120582069,,,,-46.5726250471,63.6018781242,,,,,,,,,-6.1894110588,,,-3.0244235193,-0.5638412719,,,37.1625243747,,,,,,,11.588577867,-91.2870421443,,,,,,,,,,,,,,-8.2786868078,-35.8414564436,,,,,,19.7989175042,,,,-11.8250322214,,,,,,,,0,,,13.654548555,,,56.970558946,,0,-23.6686259149,-5.0270541079,-32.4944065861,-3.1970134986,-6.5936650261,-5.0270541079,-3.1779284575,1.9044658204,19.7989175042,-2.3761146796,-35.8414564436,-6.5936650261,,,,,,-9.9029933912,,,带解释性说明的无保留意见,,0
000005.SZ,000005,ST星源,10004089,通用,2009-09-30 00:00:00,三季报,2009三季报,058001001,2009-10-30 00:00:00,2009-10-30 00:00:00,CNY,,26617134.44,1136817.28,,13292910.14,,,,,,,,,,,,,,,,269108546.45,279204205.19,,,,-87015090.56,,,0,,0,,,1643631.78,,,,,,,6.59,,,,,,,,80252472.48,,,,,,,,,,,,,91725137.56,,,,69577032.94,28426054.99,,,,,,,,,80947690.7,,,32491403.89,601100010.16,,,26492376.18,,,,,,,26617134.44,1136817.28,,,,,,,,,,,,,,187712579.81,115347451.36,,,,,,467957.38,,,,13038074.35,,,,,,,,914333607,,,128873079,,,3496134.07,,149519070.67,137235202.95,1329657221.3,225591752.11,588952184.56,740237079.36,1329657221.3,589420141.94,1104065469.19,467957.38,279437723.96,115347451.36,740237079.36,,,,,,-505709054.2,,,,12.2457527042,-96.6521317077,,-85.4144007667,,,,,,,,,,,,,,,,-0.070947504,6.2545594624,,,,-25.7572218264,,,,,,,,-2.5539819366,,,,,,,0,,,,,,,,,-5.1421643679,,,,,,,,,,,,3.3074570074,,,,0.2056185713,-8.7177389903,,,,,,,,,-86.9534544225,,,-30.062736566,235.1691691633,,,-75.0139096826,,,,,,,12.2457527042,-96.6521317077,,,,,,,,,,,,,,84.1651634153,114.9678237578,,,,,,-72.2364807009,,,,833.2422679318,,,,,,,,0,,,-54.6319746476,,,30.9629083139,,0,0.8420085695,-10.8167536914,-14.7018224343,-19.1427973504,-2.7099725983,-10.8167536914,-19.2653744955,-9.9789711269,-72.2364807009,46.5213212972,114.9678237578,-2.7099725983,,,,,,-0.5179366686,,,,,0
000005.SZ,000005,ST星源,10004089,通用,2009-06-30 00:00:00,中报,2009中报,058001001,2009-08-28 00:00:00,2009-08-28 00:00:00,CNY,,27189544.13,1136817.28,,16898635.65,,,,,,,,,,,,,,,,269299607.8,275868126.86,,,,-87015090.56,,,0,,0,,,1643631.78,,,,,,,6.59,,,,,,,,81053714.59,,,,,,,,,,,,,91820218.06,,,,69280954.07,28923613.86,,,,,,,,,80947690.7,,,33267786.17,606092318.89,,,17847582.3,,0.01,,,,,27189544.13,1136817.28,,,,,,,,,,,,,,161593197.65,106836462.05,-191061.35,,,,,489439.68,,,,13790489.6,,,,,,,,914333607,,,128873079.0,,,2732557.74,,149519070.67,137298317.89,1316689188.16,208892305.3,566405556.71,749794191.77,1316689188.16,566894996.39,1107796882.86,489439.68,253413422.3,106836462.05,749794191.77,,,,,,-496151941.79,,,,12.0642929423,-97.1249630055,,-27.3541190865,,,,,,,,,,,,,,,,0.0,5.1004779167,,,,-25.7517696021,,,,,,,,-2.5539819366,,,,,,,0.0,,,,,,,,,-5.3936932035,,,,,,,,,,,,-6.4370819571,,,,-7.2179768087,-8.4732977059,,,,,,,,,-86.9534544225,,,-26.829909465,237.9528456579,,,-45.9397176803,,,,,,,12.0642929423,-97.1249630055,,,,,,,,,,,,,,51.7781556515,34.7668749416,,,,,,-70.8460792719,,,,595.8609129284,,,,,,,,0,,,-58.6417197093,,,27.5090772529,,0.0,4.3332055318,-9.5175561811,-8.5741080233,-18.7912792197,-0.8260924348,-9.5175561811,-18.9162746281,-9.693280232,-70.8460792719,23.855488229,34.7668749416,-0.8260924348,,,,,,2.3162557389,,,,,0
000005.SZ,000005,ST星源,10004089,通用,2009-03-31 00:00:00,一季报,2009一季报,058001001,2009-04-28 00:00:00,2009-04-28 00:00:00,CNY,,23066548.47,16587816.37,,16731173.84,,,,,,,,,,,,,,,,269108546.45,275882780.23,,,,-87015090.56,,,0,,0,,,1643631.78,,,,,,,6.59,,,,,,,,79478978.16,,,,,,,,,,,,,89229719.44,,,,70283518.37,26998898.11,,,,,,,,,80947690.7,,,27585841.07,606092318.89,,,46893195.47,,,,,,,23066548.47,16587816.37,,,,,,,,,,,,,,238455897.99,150179632.37,,,,,,528726.28,,,,12989840.63,,,,,,,,914333607,,,133310164.0,,,874575.75,,149519070.67,137606463.36,1395564142.15,296934003.21,639274549.44,755760866.43,1395564142.15,639803275.72,1098630138.94,528726.28,327685624.02,150179632.37,755760866.43,,,,,,-490185267.13,,,,-8.3946786404,-65.7537664166,,-9.1082098452,,,,,,,,,,,,,,,,-0.070947504,5.2473093678,,,,-25.7517696021,,,,,,,,-2.5539819366,,,,,,,0.0,,,,,,,,,-9.7519455424,,,,,,,,,,,,-5.7211155052,,,,-9.7160140898,-16.8029934477,,,,,,,,,-87.0705499308,,,-37.1912115463,248.8840380399,,,20.7629082894,,,,,,,-8.3946786404,-65.7537664166,,,,,,,,,,,,,,49.3098786551,87.4110158654,,,,,,-68.5387324619,,,,555.5750203332,,,,,,,,0,,,-53.7787540957,,,-50.5239061695,,0.0,3.725826882,-5.4034167782,20.1042913805,-11.3087870232,0.3916741822,-5.4034167782,-11.4419120735,-10.5386121356,-68.5387324619,28.8326561297,87.4110158654,0.3916741822,,,,,,4.1003715123,,,,,0
000005.SZ,000005,ST星源,10004089,通用,2008-12-31 00:00:00,年报,2008年报,058001001,2010-04-30 00:00:00,2010-04-30 00:00:00,CNY,,28343500.71,17264646.46,,16828685.77,,,,,,,,,,,,,,,,269108546.45,273856180.75,,,,-87015090.56,,,0,,0,,,1643631.78,,,,,,,6.59,,,,,,,,81403929.13,,,,,,,,,,,,,91820218.06,,,,70937476.01,29766739.99,,,,,,,,,80947690.7,,,35425018.79,606092318.89,,,32098878.59,,,,,,,28343500.71,17264646.46,,,,,,,,,,,,,,247155897.97,146604896.24,,,,,,528726.28,,,,12989840.63,,,,,,,,914333607,,,113390164.0,,,1331295.75,,149519070.67,137673912.28,1389031247.96,279895737.93,636543681.13,751958840.55,1389031247.96,637072407.41,1109135510.03,528726.28,338976122.62,146604896.24,751958840.55,,,,,,-493987293.01,,,,12.9328388363,-55.977224648,,-47.2202360451,,,,,,,,,,,,,,,,0.0,4.5121511085,,,,-25.7517712922,,,,,,,,-2.5539819366,,,,,,,0.0,,,,,,,,,-8.6413903911,,,,,,,,,,,,14.9907743272,,,,-12.973478629,-8.5073842075,,,,,,,,,2.7404383007,,,-21.7372194331,-17.5341167052,,,-15.6078678126,,,,,,,12.9328388363,-55.977224648,,,,,,,,,,,,,,-27.951146616,76.8237785866,,,,,,-68.505937128,,,,539.6107175058,,,,,,,,0,,,-0.0811231895,,,-15.2390003916,,0.0,4.143299222,-6.6560428771,14.8495291918,-12.457013396,-0.9640015091,-6.6560428771,-12.5861237488,-10.8678441079,-68.505937128,-19.8428428367,76.8237785866,-0.9640015091,,,,,,2.0812666433,,,标准无保留意见,,0
000005.SZ,000005,ST星源,10004089,通用,2008-09-30 00:00:00,三季报,2008三季报,058001001,2008-10-29 00:00:00,2008-10-29 00:00:00,CNY,,23713266.47,33956451.71,,91137223.28,,,,,,,,,,,,,,,,269299607.8,262769152.31,,,,-69192917.35,,,0,,0,,,1686710.05,,,,,,,6.59,,,,,,,,84602892.26,,,,,,,,,,,,,88788496.22,,,,69434263.2,31140831.39,,,,,,,,,620453055.71,,,46457928.57,179342274.13,,,106028497.63,,,,,,,23713266.47,33956451.71,,,,,,,,,,,,,,101926214.67,53658007.67,,,,,,1685511.75,,,,1397072.85,,,,,,,,914333607,,,284061468.4,,,2669560.5,,149519070.67,136089319.22,1490927137.48,264474293.06,728385555.35,760856070.38,1490927137.48,730071067.1,1226452844.42,1685511.75,190714717.48,53658007.67,760856070.38,,,,,,-503103297.74,,,,863.3798842,-0.4761845815,,339.7383529001,,,,,,,,,,,,,,,,-0.1391753107,-1.370289002,,,,-103.4932061105,,,,,,,,-32.4043982189,,,,,,,,,,,,,,,,-48.8672417319,,,,,,,,,,,,1347321542.18513,,,,-0.8590080479,,,,,,,,,,-29.8323553016,,,560.2710622813,,,,151.6525799712,,,,,,,863.3798842,-0.4761845815,,,,,,,,,,,,,,-56.6280613777,-23.8372721214,,,,,,-28.229354119,,,,66.6724965197,,,,,,,,0,,,6.2551764624,,,-25.520718902,,-3.7024403061,55.0245794944,-3.393484561,21.5156679508,-1.7846665846,-4.8131835594,-3.393484561,-1.8681438562,-7.4830809176,-28.229354119,-18.8465223031,-23.8372721214,-4.8131835594,,,,,,-224.948340667,,,,,0
000005.SZ,000005,ST星源,10004089,通用,2008-06-30 00:00:00,中报,2008中报,058001001,2008-08-28 00:00:00,2008-08-28 00:00:00,CNY,,24262450.97,39540961.81,,23261657.01,,,,,,,,,,,,,,,,269299607.8,262480373.38,,,,-69195917.35,,,0,,0,,,1686710.05,,,,,,,6.59,,,,,,,,85674747.63,,,,,,,,,,,,,98137403.13,,,,74670665.38,31601284.8,,,,,,,,,620453055.71,,,45466372.84,179342274.13,,,33014223.26,,,,,,,24262450.97,39540961.81,,,,,,,,,,,,,,106466702.64,79275016.28,,,,,,1678812.55,,,,1981788.22,,,,,,,,914333607,,,311601638.4,,,2143029.97,,149519070.67,131595993.04,1455187473.49,228482654.95,697468881.75,756039779.19,1455187473.49,699147694.3,1226704818.54,1678812.55,204604112.36,79275016.28,756039779.19,,,,,,-507916588.93,,,,77.9451550911,-22.4106210389,,-8.9342425484,,,,,,,,,,,,,,,,-0.1391753107,0.4201256105,,,,-80.1330657948,,,,,,,,-32.4043982189,,,,,,,0.0,,,,,,,,,-55.1084778212,,,,,,,,,,,,,,,,-28.3289624233,,,,,,,,,,-0.153626623,,,542.270560178,,,,-23.4580346164,,,,,,,77.9451550911,-22.4106210389,,,,,,,,,,,,,,13.0310202744,-13.715330477,,,,,,-35.2242465763,,,,121.6890722589,,,,,,,,0,,,42.8859183196,,,-10.2209211453,,-3.7024403061,31.0470932868,5.8837594849,-21.5140560222,17.4711732089,-2.8223428375,5.8837594849,17.2421510781,13.2469081656,-35.2242465763,117.2191810296,-13.715330477,-2.8223428375,,,,,,-195.3067290273,,,,,0
000005.SZ,000005,ST星源,10004089,通用,2008-03-31 00:00:00,一季报,2008一季报,058001001,2008-04-30 00:00:00,2008-04-30 00:00:00,CNY,,25180358.66,48436907.17,,18407794.38,,,,,,,,,,,,,,,,269299607.8,262128107.49,,,,-69195917.35,,,0,,0,,,1686710.05,,,,,,,6.59,,,,,,,,88067248.25,,,,,,,,,,,,,94644437.0,,,,77847159.34,32451766.27,,,,,,,,,626072186.11,,,43920352.15,173723143.74,,,38830793.44,,,,,,,25180358.66,48436907.17,,,,,,,,,,,,,,159705372.57,80133834.01,,,,,,1680562.55,,,,1981442.28,,,,,,,,914333607,,,288417504.53,,,1767673.4,,149519070.67,132663645.59,1475279650.3,247230136.24,720786792.72,752812295.03,1475279650.3,722467355.27,1228049514.06,1680562.55,254349816.16,80133834.01,752812295.03,,,,,,-511144073.09,,,,-52.9854099798,-63.2115285657,,-71.1763498978,,,,,,,,,,,,,,,,-0.1391753107,3.3189826965,,,,,,,,,,,,,,,,,,,0.0,,,,,,,,,-66.5973679783,,,,,,,,,,,,,,,,-52.4943867194,,,,,,,,,,-4.8074881632,,,469.5795474267,,,,-4.4805660332,,,,,,,-52.9854099798,-63.2115285657,,,,,,,,,,,,,,-12.2884700951,86.0296742172,,,,,,-46.1986372457,,,,119.4993797231,,,,,,,,0.0,,,-5.0182694499,,,-49.8054227355,,-3.7024403061,44.6118929356,-5.6116422863,-34.9781413486,-11.4525546221,0.9330107926,-5.6116422863,-11.585377572,3.8288913215,-46.1986372457,39.6910469571,86.0296742172,0.9330107926,,,,,,-160.556406871,,,,,0
000005.SZ,000005,ST星源,10004089,通用,2007-12-31 00:00:00,年报,2007年报,058001001,2009-04-28 00:00:00,2009-04-28 00:00:00,CNY,,25097660.7,39217533.02,,31884731.02,,,,,,,,,,,,,,,,269108546.45,262032862.06,,,,-69195916.42,,,0,,0,,,1686710.05,,,,,,,6.59,,,,,,,,89103730.32,,,,,,,,,,,,,79850073.71,,,,81512480.21,32534581.87,,,,,,,,,78788539.39,,,45264196.51,734961289.05,,,38035392.35,,,,,,,25097660.7,39217533.02,,,,,,,,,,,,,,343039321.74,82910170.46,,,,,,1678812.55,,,,2030897.9,,,,,,,,914333607,,,113482224.4,,,1570646.59,,149519070.67,132196611.12,1488078383.19,243706473.94,727121275.87,759278294.77,1488078383.19,728800088.42,1244371909.25,1678812.55,422889402.04,82910170.46,759278294.77,,,,,,-504487012.93,,,,-57.6288146853,52.9869847942,,36.2447342526,,,,,,,,,,,,,,,,-0.2100240733,0.3224104957,,,,-89.7647090035,,,,,,,,-32.404397948,,,,,,,0.0,,,,,,,,,-57.7971886778,,,,,,,,,,,,-35.9917301735,,,,-52.6800089582,-12.3047348351,,,,,,,,,-87.8888340874,,,-13.9809066199,,,,-8.4963613402,,,,,,,-57.6288146853,52.9869847942,,,,,,,,,,,,,,108.949909819,7.0685488909,,,,,,-59.7801531278,,,,124.9278705002,,,,,,,,0.0,,,-68.9361701807,,,-57.8212160176,,0.0,61.5624507479,-2.9228788769,-23.3142970868,-11.5881497097,7.5033369788,-2.9228788769,-11.8315055557,2.410395665,-59.7801531278,46.367702617,7.0685488909,7.5033369788,,,,,,14.6066312173,,,标准无保留意见,,0
000005.SZ,000005,ST星源,10004089,通用,2007-09-30 00:00:00,三季报,2007三季报,058001001,2007-10-29 00:00:00,2007-10-29 00:00:00,CNY,,2461465.81,34118920.75,,20725329.66,,,,,,,,,,,,,,,,269674928.72,266419874.55,,,,-34002568.77,,,0,,0,,,2495295.56,,,,,,,,,,,,,,,165457321.54,,,,,,,,,,,,,6.59,,,,70035877.02,,,,,,,,,,884243811.2,,,7036190.32,,,,42132887.19,68556.13,,,,,,2461465.81,34118920.75,,,,,,,124720353.05,,,,,,,235004977.66,70451793.37,,-351118854.86,,,,2348469.53,,,,838214.39,,,,,,,,914333607,,,267338945.6,,,3584299.5,,155267767.06,87785639.97,1543298742.02,217646248.85,741621017.84,799329254.65,1543298742.02,743969487.37,1325652493.17,2348469.53,235004984.25,70451793.37,799329254.65,,,,,,-154825624.5,,,,,,,,,,,,,,,,,,,,,,,,,,,,,,,,,,,,,,,,,,,,,,,,,,,,,,,,,,,,,,,,,,,,,,,,,,,,,,,,,,,,,,,,,,,,,,,,,,,,,,,,,,,,,,,,,,,,,,,,,,,,,,0.0,,,,,,,,,,-2.1608476749,,,-4.1068852228,-2.1608476749,,,,,,-4.1068852228,,,,,,,,,,,0
000005.SZ,000005,ST星源,10004089,通用,2007-06-30 00:00:00,中报,2007中报,058001001,2007-08-27 00:00:00,2007-08-27 00:00:00,CNY,,13634791.55,50961822.79,,25543802.26,,,,,,,,,,,,,,,,269674928.72,261382239.65,,,,-38413778.75,,,0,,0,,,2495295.56,,,,,,,6.59,,,,,,,,190848390.68,,,,,,,,,,,,,,,,,104185271.91,,,,,,,,,,621407703.38,,,7079006.21,,,,43132186.5,63470.95,,,,,,13634791.55,50961822.79,,,,,,,139482056.98,,,,,,,94192463.61,91876131.32,,,,,,2591729.87,,,,893949.44,,,,,,,,914333607,,,218077219.97,,,2387003.74,,155267767.06,100418856.87,1374325468.39,291112832.91,593736201.57,777997536.95,1374325468.39,596327931.44,1083212635.48,2591729.87,94192470.2,91876131.32,777997536.95,,,,,,-171996280.14,350868706.94,,,-81.1924682628,689.0772511359,,-41.335403215,,,,,,,,,,,,,,,,-41.8698307458,-27.2121266034,,,,,,,-100.0,,-100.0,,,,,,,,,,0.0,,,,,,,,,-15.895438482,,,,,,,,,,,,,,,,-35.7741096362,,,,,,,,,,-10.2452069874,,,25.0202771003,,,,-4.56281853,,,,,,,-81.1924682628,689.0772511359,,,,,,,,,,,,,,34.36388014,52.7720818705,,,,,,,,,,-27.3059593619,,,,,,,,29.0226496574,,,-42.2832120044,,,40.1536888772,,3.8447914131,245.861939434,-11.8632238917,5.7480991632,-17.9930619286,-6.8603969949,-11.8632238917,-17.635091789,-15.639021073,,34.3638769096,52.7720818705,-6.8603969949,,,,,,25.168824532,,,,,0
000005.SZ,000005,ST星源,10004089,通用,2007-03-31 00:00:00,一季报,2007一季报,058001001,2007-04-30 00:00:00,2007-04-30 00:00:00,CNY,,53558605.21,131663277.33,,63863509.01,,,,,,,,,,,,,,,,269674928.72,253707596.27,,,,,,,0,,0,,,,,,,,,,6.59,,,,,,,,263653619.25,,,,,,,,,,,,,,,,,163869391.35,,,,,,,,,,657690583.04,,,7711012.86,,,,40652244.08,62733.96,,,,,,53558605.21,131663277.33,,,,,,,115594460.31,,,,,,,182080249.59,43075834.19,,,,,,3123643.09,,,,902709.74,,,,,,,,914333607,,,303655769.23,,,3521642.17,,155267767.06,91737714.58,1562989002.07,380226190.65,814011956.69,745853402.29,1562989002.07,817135599.78,1182762811.42,3123643.09,182080256.18,43075834.19,745853402.29,,,,,,-196174056.6,397248843.89,,,,,,,,,,,,,,,,,,,,,,,,,,,,,,,,,,,,,,,,,,,,,,,,,,,,,,,,,,,,,,,,,,,,,,,,,,,,,,,,,,,,,,,,,,,,,,,,,,,,,,,,,,,,,,,,,,,,,,,,,,,,,29.0226496574,,,,,,,,,,-1.8455307812,,,5.1985620796,-1.8455307812,,,,,,5.1985620796,,,,,,,,,,,0
000005.SZ,000005,ST星源,10004089,通用,2006-12-31 00:00:00,年报,2006年报,058001001,2008-04-26 00:00:00,2008-04-26 00:00:00,CNY,,59232850.14,25634555.17,,23402541.9,,,,,,,,,,,,,,,,269674928.72,261190755.65,,,,-36464059.51,,,0.0,,0.0,,,2495295.55,,,,,,,6.59,,,,,,,,211132214.96,,,,,,,,,,,,,124749620.52,,,,172258021.22,37099587.77,,,,,,,,,650544629.3,,,52621103.91,,,,41567081.82,,,,,,,59232850.14,25634555.17,,,,,,,,,,,,,,164172993.44,77436531.38,,,,,,4174089.86,,,,902910.74,,,,,,,,914333607,,,365319489.13,,,3723783.48,,149519070.67,81823846.14,1532882687.47,317799100.33,822425131.34,706283466.27,1532882687.47,826599221.2,1215083587.14,4174089.86,288922620.55,77436531.38,706283466.27,,,,,,-590780080.61,,,,-28.1233754077,296.6964012814,,-88.0158088994,,,,,,,,,,,,,,,,-19.900782534,-27.2094304962,,,,,,,-100.0,,-100.0,,,,,,,,,,0.0,,,,,,,,,-10.5993249173,,,,,,,,,,,,,,,,-27.6869135682,,,,,,,,,,-6.1152360431,,,717.4457010618,,,,21.0783964293,,,,,,,-28.1233754077,296.6964012814,,,,,,,,,,,,,,133.7552993045,12.7346019068,,,,,,,,,,-12.7273020056,,,,,,,,29.0226496574,,,-5.3448252823,,,123.8380717501,,0.0,446.7649420051,-6.710877363,-8.8900080362,-5.9485367009,7.0971014051,-6.710877363,-15.9680983946,-6.1236313783,-96.1786756934,311.3781803591,12.7346019068,7.0971014051,,,,,,-97.8005793445,,,带解释性说明的无保留意见,,0
000005.SZ,000005,ST星源,10004089,通用,2006-09-30 00:00:00,三季报,2006三季报,058001001,2006-10-28 00:00:00,2006-10-28 00:00:00,CNY,,,,,,,,,,,,,,1577383598.84,,,,,,,,,,,,,,,0.0,,0.0,,,,,,,,,,,,,,,,,,,,,,,,,,,,,,,,,,,,,,,,743820880.07,,,,,,,,,,,,,,,,,,,,,,,,,,,,,,,,,,,,-80770888.23,,,,,,,,,,,,,,,,,914333607,,,,,,,,,,1577383598.84,,,833562718.77,1577383598.84,,,,,,833562718.77,,,,,,,,,,,,,,,,,,,,,,,,,,,,,,,,,,,,,-100.0,,-100.0,,,,,,,,,,,,,,,,,,,,,,,,,,,,,,,,,,,,,,,,,,,,,,,,,,,,,,,,,,,,,,,,,,,,,,,,,,,,,,,,,,,,,,,,,,,,,29.0226496574,,,,,,,,,,-11.4681239998,,,0.5436596859,-11.4681239998,,,,,,0.5436596859,,,,,,,,,,,0
000005.SZ,000005,ST星源,10004089,通用,2006-06-30 00:00:00,中报,2006中报,058001001,2006-08-26 00:00:00,2006-08-26 00:00:00,CNY,,72496443.13,6458407.3,,43542108.29,,,,,,,,,0.0,,,,,,,463915609.02,359101355.01,,,,,,0.0,50196.99,0.0,129288506.76,,,,,,,,,,6.59,,,,,,,,226918002.11,,,,,,,,,,,,,,,,,162216936.69,,,,0.0,0.0,,,,,692339297.46,,,5662286.45,,,,45194321.37,,0.0,,,,,72496443.13,6458407.3,,,,,,,,,,,,,,70102518.26,60139346.27,-256947628.55,,,,,,,,,1229742.4,,,,,,,,708661316,,,377840187.48,,,1703133.01,,149519070.67,29034376.27,1559309892.05,275288951.02,724007279.79,835302612.26,1559309892.05,724007279.79,1284020941.03,,70102524.85,60139346.27,835302612.26,,,,,,-229845754.88,,,,2.5250810314,0.3354958914,,-65.852965285,,,,,,,,,,,,,,,,37.7928509303,0.2555321508,,,,,,,-63.1850953182,,22.2651154008,,,,,,,,,,0.0,,,,,,,,,-6.8763145237,,,,,,,,,,,,,,,,-18.3810181129,,,,,,,,,,-0.4231726854,,,-20.9755769316,,,,6.8007293616,,,,,,,2.5250810314,0.3354958914,,,,,,,,,,,,,,11.608202297,-72.7415515701,,,,,,,,,,158.4583772043,,,,,,,,0.0,,,-8.9047973322,,,11.6861898837,,0.0,99.5184313232,-12.0549971292,-41.2710052862,-9.2304579444,-1.5860094534,-12.0549971292,-21.6685697113,-1.5552850465,,11.6082010791,-72.7415515701,-1.5860094534,,,,,,-73.0056678282,,,,,0
000005.SZ,000005,ST星源,10004089,通用,2006-03-31 00:00:00,一季报,2006一季报,058001001,2006-04-28 00:00:00,2006-04-28 00:00:00,CNY,,,,,,,,,,,,,,1592376806.18,,,,,,,,,,,,,,,0.0,,0.0,,,,,,,,,,,,,,,,,,,,,,,,,,,,,,,,,,,,,,,,883380991.46,,,,,,,,,,,,,,,,,,,,,,,,,,,,,,,,,,,,334498.72,,,,,,,,,,,,,,,,,708661316,,,,,,,,,,1592376806.18,,,708995814.72,1592376806.18,,,,,,708995814.72,,,,,,,,,,,,,,,,,,,,,,,,,,,,,,,,,,,,,-100.0,,-100.0,,,,,,,,,,,,,,,,,,,,,,,,,,,,,,,,,,,,,,,,,,,,,,,,,,,,,,,,,,,,,,,,,,,,,,,,,,,,,,,,,,,,,,,,,,,,,0.0,,,,,,,,,,-11.5661533776,,,-18.7255905343,-11.5661533776,,,,,,-18.7255905343,,,,,,,,,,,0
000005.SZ,000005,ST星源,10004089,通用,2005-12-31 00:00:00,年报,2005年报,058001001,2007-04-30 00:00:00,2007-04-30 00:00:00,CNY,,82409059.24,6462008.5,,195278443.94,,,,,,,,,0.0,,,,,,,336676109.02,358824992.62,,,,,,0.0,80224.86,0.0,123944845.45,,,,,,,,,,6.59,,,,,,,,236164005.21,,,,,,,,,,,,,,,,,238211407.81,,,,0.0,0.0,,,,,692918213.65,109231500.0,,6437259.85,,,,34330717.16,,0.0,,,0.0,,82409059.24,6462008.5,,,,,,,,,,,,,,70232843.46,68689231.23,-236702365.08,,,,,,,,,1034585.57,,,,,,,,708661316,,,385947720.47,,,1663605.95,,149519070.67,14965086.43,1643152646.46,348808175.13,874441611.53,659479534.93,1643152646.46,983673111.53,1294344471.33,109231500.0,70232850.05,68689231.23,659479534.93,,,,,,-298674595.68,,,,-20.2643403543,-0.5173763924,,129.4070327757,,,,,,,,,,,,,,,,0.0,0.2552199611,,,,,,,19.297410264,,38.0515574406,,,,,,,,,,0.0,,,,,,,,,-6.6084433406,,,,,,,,,,,,,,,,26.6610905861,,,,,,,,,,-0.4920724594,-13.7564329839,,5.4061277191,,,,-50.2182582668,,,,,,,-20.2643403543,-0.5173763924,,,,,,,,,,,,,,-2.3556576247,-70.4279685426,-25.5710603916,,,,,,,,,-30.794076206,,,,,,,,0.0,,,-9.535368062,,,10.4051534096,,0.0,-13.3139998584,-9.2486682691,-29.8696862158,9.9119977497,-25.7653755569,-9.2486682691,6.6615169357,-1.438734102,-13.7564329839,-2.3556574088,-70.4279685426,-25.7653755569,,,,,,-153.1486516642,,,带解释性说明的无保留意见,,0
000005.SZ,000005,ST星源,10004089,通用,2005-09-30 00:00:00,三季报,2005三季报,058001001,2005-10-26 00:00:00,2005-10-26 00:00:00,CNY,,69115275.14,6471845.81,,157718579.4,,,,,,,,,0,,,,,,,336676109.02,358731356.48,,,,,,0,144846.87,0,111522774.52,,,,,,,,,,6.59,,,,,,,,239211569.49,,,,,,,,,,,,,,,,,202911435.2,,,,0,0,,,,,694747172.26,126654663.97,,6877123.53,,,,52345169.99,,0,,,0,,69115275.14,6471845.81,,,,,,,,,,,,,,56398021.06,219785905.68,0.0,,,,,,,,,482585.0,,,,,,,,708661316,,,414741566.54,,,1595128.45,,149519070.67,14911116.28,1781712610.31,482145388.55,826002467.98,829055478.36,1781712610.31,952657131.95,1299567221.76,126654663.97,56398027.65,219785905.68,829055478.36,3600,,,,,-142788321.08,223012696.25,,,99.3505164972,-3.1545028348,,587.0990478248,,,,,,,,,,,,,,,,0.1685111215,0.4100787137,,,,,,,886.5776899893,,14.8799178613,,,,,,,,,,0,,,,,,,,,-23.5485206275,,,,,,,,,,,,,,,,90.9520694355,,,,,,,,,,-0.284451202,0.0,,223.8034513231,,,,-0.2131293277,,,,,,,99.3505164972,-3.1545028348,,,,,,,,,,,,,,-4.6099698791,5.0432046175,,,,,,,,,,96.7587293199,,,,,,,,0,,,-14.9019915673,,,422.6600599454,,0,-14.8753548283,2.1675468304,28.6063964438,14.8793922389,-7.7023064455,2.1675468304,12.6509337315,-5.0726536839,0.0,-4.6099693653,5.0432046175,-7.7023064455,,0.0,,,,-20.6171353966,25.5222043871,,,,0
000005.SZ,000005,ST星源,10004089,通用,2005-06-30 00:00:00,中报,2005中报,058001001,2005-08-25 00:00:00,2005-08-25 00:00:00,CNY,,70710934.73,6436812.06,,127513585.45,,,,,,,,,0,,,,,,,336676109.02,358186074.43,,,,,,0,136349.64,0,105744395.15,,,,,,,,,,6.59,,,,,,,,243673777.46,,,,,,,,,,,,,,,,,198749032.32,,,,0,0,,,,,695281539.02,126654663.97,,7165236.05,,,,42316491.32,,0,,,0,,70710934.73,6436812.06,,,,,,,,,,,,,,62811260.12,220626446.97,0.0,,,,,,,,,475799.01,,,,,,,,708661316,,,414775066.54,,,1524927.13,,149519070.67,14552227.62,1773051158.28,468744531.32,797632403.33,848764090.98,1773051158.28,924287067.3,1304306626.96,126654663.97,62811266.71,220626446.97,848764090.98,3600,,,,,-132854465.27,213237939.44,,,100.8627368303,-2.0307408902,,821.5576645205,,,,,,,,,,,,,,,,0.1685111215,0.2831673655,,,,,,,130.2056238867,,15.5125737787,,,,,,,,,,0,,,,,,,,,-23.4788656384,,,,,,,,,,,,,,,,93.4756990264,,,,,,,,,,-0.2446710301,0.0,,96.4454742204,,,,-5.201810134,,,,,,,100.8627368303,-2.0307408902,,,,,,,,,,,,,,46.9938549091,7.6623887077,,,,,,,,,,127.4332540805,,,,,,,,0,,,-17.0372036086,,,399.6578834627,,0,-11.946716001,2.1708013796,30.5219895687,13.9313043315,-6.5881205508,2.1708013796,11.7970969556,-5.227411682,0.0,46.9938476616,7.6623887077,-6.5881205508,,0.0,,,,-11.9939987757,27.6581351302,,,,0
000005.SZ,000005,ST星源,10004089,通用,2005-03-31 00:00:00,一季报,2005一季报,058001001,2005-04-29 00:00:00,2005-04-29 00:00:00,CNY,,99040662.62,6460786.5,,92949907.79,,,,,,,,,0,,,,,,,336676109.02,358701580.88,,,,,,0,135089.21,0,96085467.0,,,,,,,,,,6.59,,,,,,,,248027867.58,,,,,,,,,,,,,,,,,201625563.06,,,,0,0,,,,,695991472.61,126654663.97,,5816902.4,,,,49957674.16,,-100,,,0,,99040662.62,6460786.5,,,,,,,,,,,,,,75765102.41,232449726.28,0.0,,,,,,,,,1471635.68,,,,,,,,708661316,,,419483699.04,,,1262043.4,,149519070.67,17052086.53,1800641798.36,492104074.89,801638975.38,872348159.01,1800641798.36,928293639.35,1308537723.47,126654663.97,75765109.0,232449726.28,872348159.01,3600,,,,,-124630495.75,197877840.93,,,135.0302459964,-7.4822586571,,546.7094627339,,,,,,,,,,,,,,,,0.1685111215,0.5582220216,,,,,,-100.0,67.6332843795,,12.8063463498,,,,,,,,,,0,,,,,,,,,-31.0629146811,,,,,,,,,,,,,,,,96.2599661941,,,,,,,,,,4.8625940764,-14.4225243446,,38.77031989,,,,20.5895916608,,,,,,,135.0302459964,-7.4822586571,,,,,,,,,,,,,,57.7471178633,-0.6070210967,,,,,,,,,,803.2385189113,,,,,,,,0,,,-15.2822739126,,,22.5680749251,,0,9.1297344563,1.7498605499,27.7308091364,14.2702737888,-5.1946004972,1.7498605499,9.2715807385,-5.480368781,-14.4225243446,57.7471099399,-0.6070210967,-5.1946004972,,0.0,,,,-4.9527142888,27.3387345321,,,,0
000005.SZ,000005,ST星源,10004089,通用,2004-12-31 00:00:00,年报,2004年报,058001001,2006-04-28 00:00:00,2006-04-28 00:00:00,CNY,,103352828.09,6495615.28,,85123128.78,,,,,,,,,0,,,,,,,336676109.02,357911530.95,,,,,,0,67247.78,0,89781562.59,,,,,,,,,,6.59,,,,,,,,252875113.83,,,,,,,,,,,,,,,,,188069916.9,,,,0,0,,,,,696344734.31,126654663.97,,6107102.11,,,,68962466.89,,0,,,0,,103352828.09,6495615.28,,,,,,,,,,,,,,71927202.08,232277688.9,-188500729.66,,,,,,,,,1494937.88,,,,,,,,708661316,,,426628299.04,,,1506819.11,,149519070.67,17263556.29,1810609954.83,497371473.63,795583402.57,888371888.29,1810609954.83,922238066.54,1313238481.2,126654663.97,71927208.67,232277688.9,888371888.29,3600,,,,,-117983877.74,188500729.66,,,138.6312465236,-1.3390315159,,1239.2612172857,,,,,,,,,,,,,,,,0.1685111215,0.3834471945,,,,,,,-19.278027654,,14.10934765,,,,,,,,,,0,,,,,,,,,-30.5621373586,,,,,,,,,,,,,,,,80.1778786645,,,,,,,,,,4.8277854435,-14.4225243446,,30.3376966365,,,,43.8163911705,,,,,,,94.8924996967,-1.3390315159,,,,,,,,,,,,,,32.6798000776,0.526801233,,,,,,,,,,41.0660547121,,,,,,,,0,,,-14.170996074,,,-26.0156848981,,0,17.8554348149,1.673828334,27.1650534707,12.6839871059,-4.1434057574,1.673828334,7.9865397192,-5.5006299805,-14.4225243446,32.679796105,0.526801233,-4.1434057574,,0.0,,,,1.4124510736,27.4996707611,,带解释性说明的无保留意见,,0
000005.SZ,000005,ST星源,10004089,通用,2004-09-30 00:00:00,三季报,2004三季报,058001001,2004-10-29 00:00:00,2004-10-29 00:00:00,CNY,,34670226.27,6682650.2,,22954271.28,,,,,,,,,0,,,,,,,336109726.75,357266283.5,,,,,,0,14681.75,0,97077693.47,,,,,,,,,,6.59,,,,,,,,312893316.72,,,,,,,,,,,,,,,,,106263019.72,,,,0,0,,,,,696729026.35,126654663.97,,2123857.39,,,,52456971.18,,0,,,0,,34670226.27,6682650.2,,,,,,,,,,,,,,59123601.27,209233816.2,0.0,,,,,,,,,245267.39,,,,,,,,708661316,,,487369298.27,,,305194.25,,149519070.67,17516802.86,1743912490.4,374900006.44,719017094.26,898240732.17,1743912490.4,845671758.23,1369012483.96,126654663.97,59123607.86,209233816.2,898240732.17,3600,,,,,-118381456.01,177667925.24,,,3.2684494592,-47.5441302922,,57.4447843983,,,,,,,,,,,,,,,,0.0,8.8146532079,,,,,,,,,,,,,,,,,,,0,,,,,,,,,-17.4907689845,,,,,,,,,,,,,,,,-38.2085476659,,,,,,,,,,4.1247781231,-14.4225243446,,-61.744509329,,,,16.3109485173,,,,,,,,,,,,,,,,,,,,,,19.3857246222,-5.4194254186,,,,,,,,,,-95.0220389611,,,,,,,,0,,,-0.2115298957,,,0.2709732832,,0,-43.484227702,-5.1443976111,-17.8318865237,1.081448445,-8.264838713,-5.14439761,-1.5887745132,-0.9563960587,-14.4225243446,,,-6.1888610986,,,,,,4.5130875985,57.4868274126,,,,0
000005.SZ,000005,ST星源,10004089,通用,2004-06-30 00:00:00,中报,2004中报,058001001,2004-08-27 00:00:00,2004-08-27 00:00:00,CNY,,35203610.11,6570236.54,,13836745.15,,,,,,,,,0.0,,,,,,,336109726.75,357174672.32,,,,,,0.0,59229.5,0.0,91543623.08,,,,,,,,,,6.59,,,,,,,,318439839.52,,,,,,,,,,,,,,,,,102725579.14,,,,0.0,0.0,,,,,696986863.96,126654663.97,,3647442.67,,,,44638501.41,,0.0,,,0,,35203610.11,6570236.54,,,,,,,,,,,,,,42730534.66,204924346.95,0.0,,,,,,,,,209203.8,,,,,,,,708661316,,,499953092.93,,,305194.25,,149519070.67,16526615.43,1735379515.81,359130697.34,700099422.2,908625429.64,1735379515.81,826754086.17,1376248818.47,126654663.97,42730541.25,204924346.95,908625429.64,3600,,,,,-118626414.56,167038269.22,,,3.1864765087,-47.8864469142,,-40.6780280892,,,,,,,,,,,,,,,,0.0,8.8228275733,,,,,,,-55.5759214511,,22.9215425515,,,,,,,,,,0,,,,,,,,,-17.267369974,,,,,,,,,,,,,,,,-36.7677108478,,,,,,,,,,4.0747753372,-14.4225243446,,-36.173132397,,,,-0.322677401,,,,,,,-10.0031604876,-47.8864469142,,,,,,,,,,,,,,-25.436698214,-5.5142209841,,,,,,,,,,-95.690445352,,,,,,,,0,,,2.247962222,,,0.2709732832,,0,-46.0212953228,-5.1839176114,-18.6977890836,-1.961274348,-6.1486320673,-5.1839176114,-4.100532376,-0.8848627778,-14.4225243446,-25.436695289,-5.5142209841,-5.2543620285,,0,,,,5.9601186796,53.0639313275,,未经审计,,0
000005.SZ,000005,ST星源,10004089,通用,2004-03-31 00:00:00,一季报,2004一季报,058001001,2004-04-29 00:00:00,2004-04-29 00:00:00,CNY,,42139539.19,6983294.67,,14372745.9,,,,,,,,,0.0,,,,,,,336109726.75,356710345.18,,,,,,5000.0,80586.15,0.0,85177359.35,,,,,,,,,,6.59,,,,,,,,359788735.53,,,,,,,,,,,,,,,,,102733923.26,,,,0.0,0.0,,,,,663717580.84,148000000.0,,4191748.21,,,,41427849.18,,0.0,,,0,,42139539.19,6983294.67,,,,,,,,,,,,,,48029468.58,233869362.65,0.0,,,,,,,,,162928.8,,,,,,,,708661316,,,495154577.93,,,1029667.31,,149519070.67,15625518.21,1769674954.47,385266544.71,701528883.06,920146071.41,1769674954.47,849528883.06,1384408409.76,148000000.0,48029475.17,233869362.65,920146071.41,3600,,,,,-118749187.76,155394854.25,,,-26.902188492,35.7765961567,,-38.9735319975,,,,,,,,,,,,,,,,0.0,8.2644638903,,,,,,,-87.017827554,,32.1553279814,,,,,,,,,,0,,,,,,,,,-8.249950474,,,,,,,,,,,,,,,,-38.6288409745,,,,,,,,,,-0.1598907586,0.0,,-38.514726587,,,,36.9297335593,,,,,,,-26.902188492,35.7765961567,,,,,,,,,,,,,,-13.2145814032,8.5347693147,,,,,,,,,,-96.306879674,,,,,,,,0,,,3.2235625467,,,235.6485385819,,0,-48.137471745,-2.5795232533,-8.9872563057,-1.349009296,-3.8922459575,-2.5795232533,-1.1166169473,-0.6326257565,0.0,-13.2145798297,8.5347693147,-3.5369481011,,0,,,,12.6705293364,48.8067668299,,,,0
000005.SZ,000005,ST星源,10004089,通用,2003-12-31 00:00:00,年报,2003年报,058001001,2005-04-23 00:00:00,2005-04-23 00:00:00,CNY,,43310685.25,6583774.09,,6355976.54,,,,,,,,,0.0,,,,,,,336109726.75,356544371.56,,,,,,0.0,83307.9,0.0,78680287.32,,,,,,,,,,6.59,,,,,,,,364174679.65,,,,,,,,,,,,,,,,,104380137.17,,,,0.0,0.0,,,,,664274964.28,148000000.0,,4685599.23,,,,47951743.42,,0.0,,,0,,53030685.25,6583774.09,9720000.0,,,,,,,,,,,,,54211117.32,231060459.55,0.0,,,,,,,,,1059743.17,,,,,,,,708661316,,,497067750.44,,,2036673.73,,149519070.67,14648078.23,1780802380.02,391122765.3,706030575.42,926771804.6,1780802380.02,854030575.42,1389679614.72,148000000.0,54211123.91,231060459.55,926771804.6,3600,,,,,-119674217.51,147844091.31,,,24.2942130002,39.4421782607,,-72.8255549725,,,,,,,,,,,,,,,,0.0,8.9089675474,,,,,,,15.7995037635,,43.3987686043,,,,,,,,,,0,,,,,,,,,-7.9284264817,,,,,,,,,,,,,,,,-24.9364788876,,,,,,,,,,-0.9781302588,0.0,,-36.441461625,,,,74.4643564045,,,,,,,52.188940211,39.4421782607,,,,,,,,,,,,,,-2.8424437972,7.4342113601,,,,,,,,,,-80.1564437299,,,,,,,,0,,,6.5088673167,,,562.6141488539,,0,-53.657643551,-0.6726119545,-0.1601084049,5.7712097272,-5.175427233,-0.6726119545,4.7238383416,-0.815907671,0.0,-2.8424434615,7.4342113601,-4.7134186437,,0,,,,1.7784882411,48.0903164439,,带解释性说明的无保留意见,,0
000005.SZ,000005,ST星源,10004089,通用,2003-09-30 00:00:00,三季报,2003三季报,058001001,2003-10-30 00:00:00,2003-10-30 00:00:00,CNY,,33572912.59,12739566.11,79227817.43,14579251.62,,,,,,,,,,,,,,,,336109726.75,328325526.91,,,,,,,,,,0.0,,,,,,,,,6.59,,,,,,,,379222194.74,3662.08,,,3600.0,,,,,,,,,,,,,171970419.38,,,,,,,,,,669128942.13,148000000.0,,5551771.4,,,21668316.66,45100630.55,,,0.0,,0,0.0,,,14720000.0,,,,,295619.02,0.0,,,,0.0,,0.0,49523174.95,221222822.05,,0.0,,,,,,,,4927065.28,,,,,,,,708661316,,,488402415.39,,,304369.49,,149519070.67,30994538.6,1838491819.65,456259722.39,711324486.66,979167332.97,1838491819.63,859324486.66,1382232097.26,148000000.0,,,957499016.31,0,,,,,-123976629.92,112814467.19,,,-42.0694224976,293.5400283164,,-37.9263382155,,,,,,,,,,,,,,,,2.47935262,-18.0350056649,,,,,,,,,,,,,,,,,,,0,,,,,,,,-99.7097113042,12.7559582688,,,,,,,,,,,,,,,,6.6766476139,,,,,,,,,,-1.0178264786,0.0,,25.3882857716,,,243.7139274685,70.5538824586,,,,,,,,,,,,,,,,,,,,,,-0.6828060936,-15.282164983,,,,,,,,,,11.4628414821,,,,,,,,0,,,4.4919060542,,,-17.0046127319,,0,8.4205342787,-1.9534451386,-0.0599374232,4.4160379247,-6.3786734274,-1.9534451397,3.6278787582,-2.562818316,0.0,,,-7.8952782922,,-100,,,,-85.0549187192,,,,,0
000005.SZ,000005,ST星源,10004089,通用,2003-06-30 00:00:00,中报,2003中报,058001001,2003-08-21 00:00:00,2003-08-21 00:00:00,CNY,,34116495.98,12607539.02,,23324823.34,,,,,,,,,0.0,,,,,,,336109726.75,328216680.53,,,,,,0.0,133327.47,0.0,74473213.71,,,,,,,,,,6.59,,,,,,,,384902352.82,3662.08,,,,,,,,,,,,,,,,162457473.1,,,,0.0,0.0,,,,,669698168.17,148000000.0,,5714588.24,,,9138054.34,44783006.05,,0.0,,,0,,39116495.98,12607539.02,5000000.0,,,,,,,,,,,,,57307728.65,216883798.9,0.0,,,,,,,,,4854418.08,,,,,,,,708661316,,,488961424.82,,,304369.49,,149519070.67,30616917.41,1830258614.46,441723162.62,714104979.99,968153634.47,1830258614.46,862104979.99,1388535451.84,148000000.0,57307735.24,216883798.9,959015580.13,3600,,,,,-126144793.99,109129739.3,,,-40.2050376223,330.3148488383,,-1.1712933988,,,,,,,,,,,,,,,,2.47935262,-18.0201383365,,,,,,,78.6393859823,,38.1796215899,,,,,,,,,,0,,,,,,,,-99.6483726433,12.7379187686,,,,,,,,,,,,,,,,0.9032167348,,,,,,,,,,-1.0362925212,0.0,,-37.8856346748,,,28.5566687193,51.9554127692,,,,,,,-38.9337201233,330.3148488383,-28.5714285714,,,,,,,,,,,,,14.8193053131,-15.300577348,,,,,,,,,,32.849046214,,,,,,,,0,,,6.1789492576,,,-17.0046127319,,0,9.719055943,-2.7455498956,-2.532287453,4.9779631928,-8.117368232,-2.7455498956,4.0884431147,-2.8131977611,0.0,14.8193033564,-15.300577348,-8.3664527192,,0,,,,-101.1032638086,41.9942176722,,未经审计,,0
000005.SZ,000005,ST星源,10004089,通用,2003-03-31 00:00:00,一季报,2003一季报,058001001,2003-04-24 00:00:00,2003-04-24 00:00:00,CNY,,57648154.33,5143224.14,,23551659.42,,,,,,,,,0,,,,,,,336109726.75,329480544.55,,,,,,0,620744.72,0,64452459.58,,,,,,,,,,6.59,,,,,,,,392140099.53,3662.08,,,,,,,,,,,,,,,,167397723.77,,,,0,0,,,,,664780503.43,148000000,,6817483.24,,,3526386.72,30254823.48,,0,,,0,,57648154.33,5143224.14,,,,,,,,,,,,,,55342786.1,215478748.54,0.0,,,,,,,,,4411684.04,,,,,,,,708661316,,,479691424.82,,,306769.49,,149519070.67,30128724.41,1816532841.52,423310548.69,711121984.74,957410856.78,1816532841.52,859121984.74,1393222292.83,148000000,55342792.69,215478748.54,953884470.06,3600,,,,,-135978366.59,104427276.77,,,1846.5345354088,32.0460758437,,-2.2422050756,,,,,,,,,,,,,,,,2.47935262,-17.3713022986,,,,,,,52.7332834675,,46.670351926,,,,,,,,,,0.0,,,,,,,,100.2643775087,11.8193785163,,,,,,,,,,,,,,,,-1.0890452774,,,,,,,,,,-1.9661930488,0.0,,-26.6753302599,,,-67.4654978327,-14.2298569728,,,,,,,-40.0289856672,32.0460758437,,,,,,,,,,,,,,7.8317175037,-16.8288994068,100.0,,,,,,,,,-15.6585512236,,,,,,,,0.0,,,10.1771987217,,,391.9242791021,,0.0,11.4132543181,-4.8235458271,-10.5297217172,4.8895754076,-11.5656074386,-4.8235458271,4.0134474842,-2.9427881043,0.0,7.831716498,-16.8288994068,-11.000293722,,0.0,,,,-223.1103876156,,,,,0
000005.SZ,000005,ST星源,10004089,通用,2002-12-31 00:00:00,年报,2002年报,058001001,2004-04-24 00:00:00,2004-04-24 00:00:00,CNY,,34845295.05,4721508.35,,23389535.77,,,,,,,,,0,,,,,,,336109726.75,327378341.37,,,,,,0,71941.5,0,54868175.01,,,,,,,,,,6.59,,,,,,,,395534328.06,-10000.0,,,,,,,,,,,,,,,,139055743.22,,,,0,0,,,,,670836620.25,148000000,,7372100.35,,,4738820.1,27485123.27,,0,,,0,,34845295.05,4721508.35,,,,,,,,,,,,,,55797119.07,215071583.46,0.0,,,,,,,,,5340490.16,,,,,,,,708661316,,,466691424.82,,,307369.49,,149519070.67,31608401.8,1792861379.99,391749989.96,667507327.6,977354052.39,1792861379.99,815507327.6,1401111390.03,148000000,55797125.66,215071583.46,972615232.29,3600,,,,,-121841148.0,99833733.13,,,-39.1473493407,22.5590525279,,-12.6603759002,,,,,,,,,,,,,,,,2.47935262,-17.5560517334,,,,,,,-14.8700084797,,20.6339506492,,,,,,,,,,0.0,,,,,,,,87.2995423263,11.4000826883,,,,,,,,,,,,,,,,-12.2273906935,,,,,,,,,,-1.0731100174,0.0,,-28.4505600663,,,-58.6296777035,-52.1383698149,,,,,,,-60.7428948541,22.5590525279,,,,,,,,,,,,,,18.5259953483,-16.970031828,,,,,,,,,,6.7173731488,,,,,,,,0.0,,,3.58133777,,,-16.1865735724,,0.0,20.9257043558,-6.8311910077,-19.0310145057,-2.5766757315,-10.4292622608,-6.8311910077,-2.1189638642,-2.733546669,0.0,18.5259927549,-16.970031828,-9.9178989807,,0.0,,,,-222.2904092143,45.413726329,,带解释性说明的无保留意见,,0
000005.SZ,000005,ST星源,10004089,通用,2002-09-30 00:00:00,三季报,2002三季报,058001001,2002-10-26 00:00:00,2002-10-26 00:00:00,CNY,,57953699.13,3237171.62,,23487017.2,,,,,,,,,0,,,,,,,327977995.72,400567985.85,,,,,,0,92425.46,0,53575273.62,,,,,,,,,,6.59,,,,,,,,336321202.5,1261530.35,,,,,,,,,,,,,,,,161207183.79,,,,0,0,,,,,676009546.29,148000000,,4427663.53,,,6304171.85,26443625.85,,0,,,0,,57953699.13,3237171.62,,,,,,,,,,,,,,49863646.97,261128984.24,-79587403.87,,,,,,,,,4420365.76,,,,,,,,708661316,,,467406934.98,,,366730.61,,149519070.67,28587332.47,1875121285.24,456533356.72,681240641.57,1045880643.67,1875121285.24,829240641.57,1418587928.52,148000000,49863653.56,261128984.24,1039576471.82,3600,,,,,-66994506.7,,,,,,,,,,,,,,,,,,,,,,,,,,,,,,,,,,,,,,,,,,,,,,,,,,,,,,,,,,,,,,,,,,,,,,,,,,,,,,,,,,,,,,,,,,,,,,,,,,,,,,,,,,,,,,,,,,,,,,,,,,,,,,,,,,,,,,,,,,,,,,,,,,,,,,,,,,,,,0
000005.SZ,000005,ST星源,10004089,通用,2002-06-30 00:00:00,中报,2002中报,058001001,2002-08-22 00:00:00,2002-08-22 00:00:00,CNY,,57055803.07,2929840.57,,23601263.38,,,,,,,,,0,,,,,,,327977995.72,400362569.38,,,,,,0,74634.98,0,53895945.62,,,,,,,,,,6.59,,,,,,,,341413392.25,1041466.18,,,,,,,,,,,,,,,,161003264.67,,,,0,0,,,,,676710872.33,148000000,,9200107.27,,,7108191.61,29471148.96,,0,,,0,,64055803.07,2929840.57,7000000.0,,,,,,,,,,,,,49911230.95,256062901.15,0.0,,,,,,,,,3654085.76,,,,,,,,708661316,,,460506934.98,,,366730.61,,149519070.67,27904831.25,1881927883.5,453199476.09,680242746.45,1053685137.05,1881927883.5,828242746.45,1428728407.41,148000000,49911237.54,256062901.15,1046576945.44,3600,,,,,-62726378.28,76855058.67,,,4.9441340116,219.3524148552,,-45.4019640597,,,,,,,,,,,,,,,,-7.9971505486,21.0188077919,,,,,,,,,,,,,,,,,,,-99.9999110379,,,,,,,,1291.2802170762,-7.1701674972,,,,,,,,,,,,,,,,3.0095457758,,,,,,,,,,1157.317450635,0.0,,1644.6970352804,,,-47.7509405046,-84.8424337758,,,,,,,,,-75.0,,,,,,,,,,,,,-6.0173237344,-68.9925860492,,,,,,,,,,-97.3219616483,,,,,,,,8.7437996097,,,-5.8248767909,,,,,-0.4254846088,102.1559286826,-10.5425109055,-65.4277678682,-6.0202650778,-14.466208345,-10.5425109055,-4.9982642952,80.2050487573,0.0,,,-14.0945230279,,,,,,-204.6059095367,,,未经审计,,0
000005.SZ,000005,ST星源,10004089,通用,2002-03-31 00:00:00,一季报,2002一季报,058001001,2002-04-27 00:00:00,2002-04-27 00:00:00,CNY,,2961578.81,3895022.33,,24091848.06,,,,,,,,,0,,,,,,,327977995.72,398748320.76,,,,,,0,406424.0,0,43943754.64,,,,,,,,,,6.59,,,,,,,,350690644.8,-1385170.78,,,,,,,,,,,,,,,,169240833.07,,,,0,0,,,,,678113524.41,148000000,,9297666.48,,,10838914.03,35274306.9,,0,,,0,,96126695.49,3895022.33,93165116.68,,,,,,,,,,,,,51323290.94,259078871.15,-72290358.87,,,,,,,,,5230742.54,,,,,,,,708661316,,,435381758.1,,,62361.12,,149519070.67,27042316.1,1908594785.66,473129799.99,677972031.04,1082622754.62,1908594785.66,825972031.04,1435464985.67,148000000,51323297.53,259078871.15,1071783840.59,3600,,,,,-42084182.93,,,,,,,,,,,,,,,,,,,,,,,,,,,,,,,,,,,,,,,,,,,,,,,,,,,,,,,,,,,,,,,,,,,,,,,,,,,,,,,,,,,,,,,,,,,,,,,,,,,,,,,,,,,,,,,,,,,,,,,,,,,,,,,,,,,,,,,,,,,,,,,,,,,,,,,,,,,,,0
000005.SZ,000005,ST星源,10004089,通用,2001-12-31 00:00:00,年报,2001年报,058001001,2003-04-15 00:00:00,2003-04-15 00:00:00,CNY,,57261753.88,3852435.42,,26779982.18,,,,,,,,,0.0,,,,,,,327977995.72,397092022.22,,,,,,0.0,84507.82,0.0,45483195.0,,,,,,,,,,6.59,,,,,,,,355057481.57,-78737.32,,,,,,,,,,,,,,,,158427263.72,,,,0.0,0.0,,,,,678113524.41,148000000,,10303505.32,,,11454636.65,57426216.29,,0.0,,,0,,88761753.88,3852435.42,31500000,,,,,,,,,,,,,47075849.4,259028864.15,0.0,,,,,,,,,5004330.6,,,,,,,,708661316,,,450555510.16,,,366730.61,,149519070.67,26138695.63,1924315014.2,483827218.0,685161723.45,1091153290.75,1924315014.2,833161723.45,1440487796.2,148000000,47075855.99,259028864.15,1079698654.1,3600.0,,,,,-37804770.02,68654958.27,,,-4.9540079685,-25.2782097447,,-46.5005975948,,,,,,,,,,,,,,,,650.6635638671,21.8097007399,,,,,,,-61.5948418056,,3.802522606,,,,,,,,,,-99.9999110379,,,,,,,,-411.8033093302,-3.0334950811,,,,,,,,,,,,,,,,-9.7682290371,,,,,,,,,,2517.4094494623,-9.2024539877,,1075.4799805658,,,-29.7750092811,-44.1481946684,,,,,,,-24.2946636402,-25.2782097447,-44.7368421053,,,,,,,,,,,,,-44.1566598981,-69.8921825717,,,,,,,,,,-96.0961305688,,,,,,,,24.3659837747,,,-37.3237339164,,,488.0757273121,,0.0,32.9295827699,-3.3628794619,-61.9723259313,-34.2085711636,38.6710590912,-3.3628794619,-30.8243576344,100.3525866541,-9.2024539877,-48.667384677,-69.8921825717,40.1199495285,,0.0,,,,-165.9770322294,37.9255321187,,带解释性说明的无保留意见,,0
000005.SZ,000005,ST星源,10004089,通用,2001-06-30 00:00:00,中报,2001中报,058001001,2001-08-15 00:00:00,2001-08-15 00:00:00,CNY,,54367786.83,-2454781.14,34915331.09,43227312.07,,,,,,,,,,,,,,,,356486780.22,330826734.03,,,,,,,,,,,,,,,,,,,7407652.25,,,,,,,,367784130.43,74856.68,,,3600.0,,,,,,,,,,,,,156299363.77,,,,,,,,,,53821799.1,148000000,,527318.33,,,13604439.35,194431932.7,,,,,0,,,,28000000,,,,,338776.53,,,,,39800000.0,,,53106841.53,825811857.63,,,,,,,,,,136446356.63,,,,,,,,651679745,,,488990000.0,,,,,150157969.72,13803617.55,2103711944.69,1310877106.12,723818541.32,1231893403.37,2103711944.69,871818541.32,792834838.57,148000000,,,1218288964.02,,,,,,59964469.08,,,,-12.314004548,,,-17.6085788121,,,,,,,,,,,,,,,,768.384028238,,,,,,,,,,,,,,,,,,,,-42.7999845565,,,,,,,,11.9658948066,,,,,,,,,,,,,,,,,-11.9491694056,,,,,,,,,,-4.6090884089,-16.8539325843,,-35.4997697496,,,-44.1809785646,260.6683837451,,,,,,,,,300.0,,,,,,,,,,,,,-24.0902917404,,,,,,,,,,,0.7671129921,,,,,,,,25.8026504896,,,-38.432037148,,,,,0.1763723749,29.9002400249,-7.3417893021,4.4247136106,-31.2890742934,18.5682339846,-7.3417893021,-29.2025048391,-21.8934009268,-16.8539325843,,,20.0755734486,,,,,,-80.3806216904,,,,,0
000005.SZ,000005,ST星源,10004089,通用,2000-12-31 00:00:00,年报,2000年报,058001001,2002-04-18 00:00:00,2002-04-18 00:00:00,CNY,,60246363.53,5155705.46,,50056600.59,,,,,,,,,0.0,,,,,,,43691743.08,325993758.96,,,,,,0.0,220042.89,0.0,43817042.07,,,,,,,,,,7407650.25,,,,,,,,366165081.3,25252.24,,,,,,,,,,,7950.0,,,,,175578138.42,,,,0.0,0.0,,,,,25907812.19,163000000,,876536.01,,,16311339.5,102818907.91,,0.0,,,0,,117246363.53,5155705.46,57000000,,,,,,,,,,,,,84299845.45,860337567.7,0.0,,,,,,,,,128188985.01,,-122757643.17,,,,,,569819250,,,718861442.0,,,62361.12,,149519070.67,19663565.54,1991279338.09,1272302947.39,1041414870.55,786864467.54,1991279338.09,1204414870.55,718976390.7,163000000,91707495.7,860337567.7,770553128.04,3600.0,,,,,57299894.74,49776830.45,,,-3.6122601991,,,-5.7368100555,,,,,,,,,,,,,,,,6.4309084144,,,,,,,-100.0,43.3220046345,,25.8239539845,,,,,,,,,,-42.8,,,,,,,,,-10.1898612438,,,,,,,,,,,-50.0,,,,,-11.2791181515,,,,,,,,,,-54.6822260458,10.1351351351,,-19.3910089639,,,-38.8646343448,214.7699491745,,-100.0,,,,,77.6347631135,,1528.5714285714,,,,,,,,,,,,,11.1106606266,,,,,,,,,,,-4.7259976888,,,,,,,,10.0,,,-9.088657288,,,251.0635179678,,-0.2498626712,122.9278566537,-2.638322562,6.4700606475,-0.081009902,-7.966930974,-2.638322562,1.1892927856,-15.4396874256,10.1351351351,3.2502476843,,-6.9716723754,,0.0,,,,-51.9846469331,,,带解释性说明的无保留意见,,0
000005.SZ,000005,ST星源,10004089,通用,2000-06-30 00:00:00,中报,2000中报,058001001,2000-08-31 00:00:00,2000-08-31 00:00:00,CNY,,62002816.47,,,52465792.49,,,,,,,,,0,,,,,,,41051743.08,,,,,,,888281817.46,220042.89,0,44277389.43,,,,,,,,,,12950437.5,,,,,,,,,66856.68,,,,,,,,,,,15900,,,,,177510379.76,,,,0,0,,,,,56422355.34,178000000,,817544.88,,,24372407.47,53908781.99,,957745017.25,,,0,,69002816.47,,7000000,,,,,,,,,,,,,69960539.63,,0,,,,,,,,,135407627.13,,,,,,,,518017500,,,794228000,,,-85610.12,,149893598.82,10626321.82,2270399923.38,1255332249.23,1053425687.22,1038974236.16,2270399923.38,1231425687.22,1015067674.15,178000000,82910977.13,,1014601828.69,3600,,,,,305638986.79,,,,2649.3102746148,,,1293.8226180677,,,,,,,,,,,,,,,,0,,,,,,,16.8983867218,-42.7156561647,,44.3197558876,,,,,,,,,,,,,,,,,,,,,,,,,,,,,,0.0,,,,,129.7099932331,,,,,,,,,,31.2788380717,20.2702702703,,-43.8077382456,,,,46.7131949561,,1.2438479359,,,,,645.5561826856,,0.0,,,,,,,,,,,,,58.7557927544,,,,,,,,,,,1.7257660561,,,,,,,,0,,,8.4167826326,,,-135.0454491065,,25.002560969,440.0363083884,13.6437627363,24.6119015466,26.4879706666,2.1611865919,13.6437627363,25.5497625326,2.4877485937,20.2702702703,88.1431728791,,-0.2353252566,,0,,,,-9.5778516042,,,标准无保留意见,,0
000005.SZ,000005,ST星源,10004089,通用,1999-12-31 00:00:00,年报,1999年报,058001001,2001-04-07 00:00:00,2001-04-07 00:00:00,CNY,,62504177.04,,,53103019.98,,,,,,,,,0,,,,,,,41051743.08,,,,,,,829717523.08,153530.43,0,34824086.1,,,,,,,,,,12950437.5,,,,,,,,407710183.25,,,,,,,,,,,,15900,,,,,197899451.36,,,,0,0,,,,,57169207.42,148000000,,1087392.36,,,26680693.45,32664778.89,,384285975.99,,,0,,66004177.04,,3500000,,,,,,,,,,,,,75870168.51,,0,,,,,,,,,134547706.51,,,,,,,,518017500,,,790728000,,,-41281.39,,149893598.82,8820595.97,2045239349.29,1194986590.27,1042259203.71,854980145.58,2045239349.29,1190259203.71,850252759.02,148000000,88820606.01,,828299452.13,3600,,,,,119336610.23,,,,110.7219113089,,,1208.7073132362,,,,,,,,,,,,,,,,0,,,,,,,-0.7412418079,-59.6272989274,,-17.5958615805,,,,,,,,,,,,,,,,,,,,,,,,,,,,,,17.7777777778,,,,,180.7528774984,,,,,,,,,,-21.6635013057,0.0,,-41.3159541277,,,,15.3255137636,,-57.211431703,,,,,16.4877050562,,-87.037037037,,,,,,,,,,,,,87.5205711519,,,,,,,,,,,1.0236292393,,,,,,,,0,,,-4.8901171189,,,-126.6968172748,,25.002560969,297.0381912375,0.1963666252,11.859257416,5.5476608989,-5.6056733526,0.1963666252,4.8245695566,-12.60961596,0.0,119.5288490345,,-8.5513629171,,0,,,,-47.3759679029,,,标准无保留意见,,0
000005.SZ,000005,ST星源,10004089,通用,1999-06-30 00:00:00,中报,1999中报,058001001,1999-07-31 00:00:00,1999-07-31 00:00:00,CNY,,2255213.5,,,3764165.67,,,,,,,,,0,,,,,,,41051743.08,,,,,,,759875172.25,384123.96,0,30680061.2,,,,,,,,,,,,,,,,,,,,,,,,,,,,,,15900,,,,,77275863.04,,,,0,0,,,,,42979017.92,148000000,,1454906.52,,,,36744331.01,,945978483.41,,10278084,0,,9255213.5,,7000000,,,,,,,,,,,,,44068023.23,,0,,,,,,,,,133110452.13,,,,,,,,518017500,,,732569239.48,,,244283.13,,119912422.32,1967705.07,1997821850.24,1007393542.39,832826775.28,1016995074.96,1997821850.24,980826775.28,990428307.85,148000000,44068023.23,,1016995074.96,3600,,,,,338013409.56,,,,44.1520084824,,,-8.3121501055,,,,,,,,,,,,,,,,-77.0903499417,,,,,,,-0.7882264011,18.6152507032,,-20.231912574,,,,,,,,,,,,,,,,,,,,,,,,,,,,,,17.7777777778,,,,,-0.8972628269,,,,,,,,,,,0,,,,,,-36.6188931859,,1.8488450813,,0,,,-81.32691889,,-85.4166666667,,,,,,,,,,,,,21.0176551215,,,,,,,,,,,0.1135735785,,,,,,,,50,,,-17.3595871111,,,-21.3975628988,,46.0302509986,-18.3544231789,-0.1832567708,-6.0837043751,-18.9856366126,23.1988378446,-0.1832567708,-16.5962855794,6.6307504209,0,21.0176551215,,23.1988378446,,0,,,,54.4559663973,,,标准无保留意见,,0
000005.SZ,000005,ST星源,10004089,通用,1998-12-31 00:00:00,年报,1998年报,058001001,2000-01-28 00:00:00,2000-01-28 00:00:00,CNY,,29661925.83,29824151.01,,4057669.69,,,,,,,,,0,,,,,,,41051743.08,,,,,,,835913664.64,380282.78,0,42260117.96,,,,,,,,,,,,,,,,,,,,,,,,,,,,,,13500,,,,,70488841.69,,,,0,0,,,,,72979017.92,148000000,,1852960.79,,,,28323982.98,,898104309.83,,10278084,0,,56661925.83,29824151.01,27000000,,,,,,,,,,,,,40459650.93,,0,,,,,,,,,133184392.13,,,,,,,,518017500,,,831383633.38,,,154630.38,,119912422.32,2221598.87,2041231052.76,1068294764.22,987477311.04,905753741.72,2041231052.76,1135477311.04,972936288.54,148000000,40459650.93,,905753741.72,3600,,,,,226772076.32,,,,1052.6883398342,-10.2315954237,,-5.6401033965,,,,,,,,,,,,,,,,-77.0903499417,,,,,,,402.6560017733,-38.1451947172,,8.9805450359,,,,,,,,,,,,,,,,,,,,,,,,,,,,,,-99.4329093016,,,,,-9.4668003127,,,,-100.0,,,,,,,0,,,,,,-49.874566203,,2.6389252931,,0,,,-1.3258673287,-10.2315954237,-50.774840474,,,,,,,,,,,,,-4.720160837,,,,,,,,,,,-2.7655234305,,,,,,,,50,,,3.7977291512,,,-70.7769150556,,46.0302509986,-7.9487851409,-2.7863521256,-12.6013206175,3.1683950059,18.4168701075,-2.7863521256,-14.9360507472,10.8868697493,0,-4.720160837,,18.4168701075,,0,,,,43.3123829417,,,,,0
000005.SZ,000005,ST星源,10004089,通用,1998-06-30 00:00:00,中报,1998中报,058001001,1998-08-19 00:00:00,1998-08-19 00:00:00,CNY,,1564469.01,33252099.85,,4105413.83,,,,,,,,,0,,,,,,,179189743.08,,,,,,,765912295.17,323840.28,0,38461573.03,,,,,,,,,,,,,,,,,,,19498.62,,,,,,,,,,,13500.0,,,,,77975508.29,,,,0.0,0,,,,,,148000000,,,,,,57973634.19,,928806293.93,,10278084,0,,49564469.01,33252099.85,48000000,,,,,4250000.0,,,,,,,,36414540.66,,0,,,,,,,,,132959445.33,,,,,,,,345345000,,,886453992.51,,,310783.15,,82114782.04,2410057.16,2001489715.66,1072650423.11,1027998913.35,825490802.31,2001489715.66,1175998913.35,928839292.55,148000000,36414540.66,,825490802.31,3600,,,,,218841277.19,,,,,,,,,,,,,,,,-100.0,,,,,,,-30.7839693648,,,,,,,-0.4470722444,,-100.0,,,,,,,,,,,,,,,,,,,,,,,,,,,,,,,,,,,,,,,,,,,,,,,,,,,,,,,19.9106923364,,,-100.0,,,,,,,,,,,,,,,,,,,,,,,,,,,,,,,,,,,,30,,,,,,,,89.7759287117,,29.4018371561,39.4226085053,19.499922615,53.3019867172,29.4018371561,16.6375506227,19.9149525222,0.0,,,53.3019867172,,,,,,846.1236927379,,,,,0
000005.SZ,000005,ST星源,10004089,通用,1997-12-31 00:00:00,年报,1997年报,058001001,1998-04-01 00:00:00,1998-04-01 00:00:00,CNY,,2573282.37,33223438.86,,4300205.74,,,,,,,,,0,,,,,,,179189743.08,,,,,,,166299350.19,614799.09,0,38777671.69,,,,,,,,,,,,,,,,,,,19498.62,,,,,,,,,,,2380571.58,,,,,77859660.25,,,,229700405.44,0,,,,,,148000000,,,,,,56506210.19,,875013360.93,,10278084,0,,57423282.37,33223438.86,54850000,,,,,,,,,,,,,42464021.02,750844237.17,0,,,,,,,,,136972395.83,,,,,,,,345345000,,,800965146.52,,,529137.77,,82114782.04,2413437.86,2099737122.71,1222323691.58,957150986.97,764885730.3,2099737122.71,1334851392.41,877413431.13,148000000,42464021.02,750844237.17,764885730.3,3600,,,,,158236205.18,,,,-47.6377689893,,,-81.9642662244,,,,,,,,,,,,,,,,-30.7839693648,,,,,,,-50.1815984518,-79.0227790846,,832.2645839199,,,,,,,,,,,,,,,,,,,,,,,,,,,,,,-83.1643371799,,,,,26.4489417451,,,,,,,,,,,-16.6666666667,,,,,,128.7317027837,,-2.4900362088,,-85.5968592161,,,74.4625636865,,95.8928571429,,,,,,,,,,,,,-66.2907642449,,,,,,,,,,,-5.0637388011,,,,,,,,30,,,89.6665277595,,,-50.9364661556,,89.7759287117,-71.7779165114,41.9892715027,115.4626503007,38.6813661708,25.1818055691,41.9892715027,53.8237186489,-3.73939612,-16.6666666667,-66.2907642449,,25.1818055691,,0.0,,,,266.1534949804,,,,,0
000005.SZ,000005,ST星源,10004089,通用,1997-06-30 00:00:00,中报,1997中报,058001001,1997-08-30 00:00:00,1997-08-30 00:00:00,CNY,,,,,,,,,,,,,,2790776.99,,,,,,,258884743.08,,,,,,,769351853.77,0.0,860250693.77,0.0,,,,,,,,,,,,,,,,,,,,,,,,,,,,,,,,,,,,,,,0,0,,,,,,,,,,,,,,774581712.3,,,148000000,,,,,,,,,,,,,,,,,,,0,,,,,,,,,,,,,,,,,265650000,,,,,,,,43269334.84,,1546724343.06,769351853.77,860250693.77,538473649.29,1546724343.06,1008250693.77,774581712.3,148000000,,,538473649.29,,,,,,-29330428.63,,,,,,,,,,,,,,,,-86.7910408528,,,,,,,0,,,,,,,-4.8342765019,,20.1502957252,,,,,,,,,,,,,,,,,,,,,,,,,,,,,,,,,,,,,,,,,,,,,,,,,,,,,,,-11.6206329973,,,-62.962962963,,,,,,,,,,,,,,,,,,,,,,,,,,,,,,,,,,,,0,,,,,,,,47.9118552201,,-9.3432619417,-4.8342765019,20.1502957252,-8.8188910305,-9.3432619417,-9.6208481657,-11.6350399965,-62.962962963,,,-7.2483030173,,,,,,-209.5819143242,,,,,0
000005.SZ,000005,ST星源,10004089,通用,1996-12-31 00:00:00,年报,1996年报,058001001,1997-04-26 00:00:00,1997-04-26 00:00:00,CNY,,4914386.42,,,23842699.13,,,,,,,,,0.0,,,,,,,258884743.08,,,,,,,333811091.93,2930793.8,0.0,4159513.55,,,,,,,,,,,,,,,,,,,,,,,,,,,,,,14140052.61,,,,,61573991.19,,,,0,0,,,,,,177600000.0,,,,,,24704144.42,,897357897.5,,71360019.0,0,,32914386.42,,28000000.0,,,,,,,,,,,,,125971473.6,,0,,,,,,,,,144278270.6,,,,,,,,265650000,,,422301792.51,,,1078474.64,,43269334.84,8551593.51,1478799842.05,567301891.94,690179952.36,611019889.69,1478799842.05,867779952.36,911497950.11,177600000,125971473.6,,611019889.69,3600.0,,,,,43215811.77,,,,-45.7453997083,,,928.3262507402,,,,,,,,,-100.0,,,,,,,0,,,,,,,42.6259793779,395.5282823179,-100.0,-89.9093238101,,,,,,,,,,,,,,,,,,,,,,,,,,,,,,-5.2155097084,,,,,35.8424765078,,,,,,,,,,,196.0,,,,,,-66.5881975155,,-3.9890086199,,594.2930121996,,,263.3733138682,,,,,,,,,,,,,,,60.2978253913,,,,,,,,,,,7.5709906155,,,,,,,,0,,,16.2186052573,,,-45.6012524243,,47.9118552201,-37.51169827,1.3766708729,16.2429373136,3.6063893099,10.1011500928,1.3766708729,-3.9807025136,-4.0082776464,-25.2525252525,60.2978253913,,10.1023255199,,-2.7027027027,,,,3599.3944517915,,,,,0
000005.SZ,000005,ST星源,10004089,通用,1996-06-30 00:00:00,中报,1996中报,058001001,1996-08-30 00:00:00,1996-08-30 00:00:00,CNY,,,,,,,,,,,,,,21127909.92,,,,,,,258884743.08,,,,,,,808433777.93,0.0,715978840.15,0.0,,,,,,,,,,,,,,,,,,,142892.62,,,,,,,,,,,,,,,,,,,,0,0,,,,,,,,,,,10000000.0,,,876428219.13,,,399600000,,,,,,,,,,,,,,,,,,,0,,,,,,,,,,,,,,,,,265650000,,,,,,,,29253459.62,,1706132799.6,808433777.93,715978840.15,590553959.45,1706132799.6,1115578840.15,876571111.75,399600000,,,580553959.45,,,,,,26765756.75,,,,,,,,,,,,,,,,,,,,,,,,,,,,,,70.5327317679,,56.937979423,,,,,,,,,,,,,,,,,,,,,,,,,,,,,,,,,,,,,,,,,,,,,,,,,,,,,,,79.7034371851,,,,,,,,,,,,,,,,,,,,,,-100.0,,,,,,,,,,,,,,,,,26.5,,,,,,,,,,77.3947624166,70.5327317679,56.937979423,16.8132074193,77.3947624166,144.5277419421,79.7327359849,,,,14.8351797463,,,,,,,,,,,0
000005.SZ,000005,ST星源,10004089,通用,1995-12-31 00:00:00,年报,1995年报,058001001,1996-04-30 00:00:00,1996-04-30 00:00:00,CNY,,9058008.71,,,2318592.87,,,,,,,,,21127909.91,,,,,,,258884743.08,,,,,,,234046485.35,591448.34,145657711.24,41221355.95,,,,,,,,,,,,,,,,,,,,,,,,,,,,,,14918107.98,,,,,45327494.59,,,,0,0,,,,,,60000000.0,177600000.0,,,,5924.65,73938376.81,,934640799.56,,10278084.0,0,,9058008.71,,,,,,,,,,,,,,,78585890.54,,0,,,,,,,,,134123772.38,,,,,,,,265650000,,,363368491.28,,,1982535.79,,29253459.62,13685111.09,1458718094.92,488031277.47,666155781.47,554962313.45,1458718094.92,903755781.47,949558907.54,237600000,78585890.54,,554956388.8,3700.0,,,,,1168186.1,,,,-65.610596669,,,-46.3206413942,,,,,,,,,,,,,,,,3.9420423588,,,,,,,16.8322938141,-6.91056686,-1.4518075118,-31.0184723235,,,,,,,,,,,,,,,,,,,,,,,,,,,,,,0.9734457395,,,,,30.1618161956,,,,,,,,,,,,,,,,,-57.1250812096,,74.9648637162,,-76.1651777252,,,-65.610596669,,,,,,,,,,,,,,,98.2223578022,,,,,,,,,,,-14.3081448679,,,,,,,,26.5,,,34.548902599,,,9.9511461353,,193.5106947795,-52.8397924113,30.9750801854,-13.586065803,7.1209308221,12.8282993388,30.9750801854,45.3281097903,72.9687352053,,98.2223578022,,12.8270948098,,0.0,,,,-94.8833974198,,,,,0
000005.SZ,000005,ST星源,10004089,通用,1995-06-30 00:00:00,中报,1995中报,058001001,1995-08-26 00:00:00,1995-08-26 00:00:00,CNY,,,,,,,,,,,,,,0,,,,,,,,,,,,,,474063700.0,0.0,456217700.0,0.0,,,,,,,,,,,,,,,,,,,,,,,,,,,,,,,,,,,,,,,0,0,,,,,,,,,,,,,,487708100.0,,,,,,,,,,,,,,,,,,,,,,295554100,,,,,,,,,,,,,,,,,210000000,,,,,,,,,,961771800.0,474063700.0,456217700.0,505554100.0,961771800.0,456217700.0,487708100.0,,,,505554100.0,,,,,,,,,,,,,,,,,,,,,,-100.0,,,,,,,,,,,,,,-1.8153639551,,-20.0363836114,,,,,,,,,,,,,,,,,,,,,,,,,,,,,,,,,,,,,,,,,,,,,,,,,,,,,,,9959.155597723,,,,,,,,,,,,,,,,,,,,,,199.3716877623,,,,,,,,,,,,,,,,,133.3333333333,,,,,,,,,,26.6728604461,-1.8153639551,-20.0363836114,167.8789962951,26.6728604461,-20.0363836114,9959.155597723,,,,167.8789962951,,,,,,,,,,,0
000005.SZ,000005,ST星源,10004089,通用,1994-12-31 00:00:00,年报,1994年报,058001001,1995-04-27 00:00:00,1995-04-27 00:00:00,CNY,,26339534.37,,,4319337.88,,,,,,,,,0,,,,,,,249066438.57,,,,,,,200326876.85,635354.97,147803534.05,59757093.44,,,,,,,,,,,,,,,,,,,15194.4,,,,,,,,,,,14774288.3,,,,,34823956.76,,,,0,0,,,,,,,,,,,,172451351.27,,534187710.44,,43122134.0,,,26339534.37,,,,,,,,,,,,,,,39645321.25,,0,,,,,,,,,156518693.84,,,,,,,,210000000,,,270064254.9,,,1803106.07,,9966744.02,29018343.62,1113737126.83,564759933.69,621872659.58,491864467.25,1113737126.83,621872659.58,548977193.14,,39645321.25,,491864467.25,3700.0,,,,,22831284.66,,,,180.3041383676,,,-71.0176512792,,,,,,,,,,,,,,,,165.5859100907,,,,,,,20.1320013223,-16.874019457,,28.9175946197,,,,,,,,,,,,,,,,,,,,,,,,,,,,,,-2.9532215345,,,,,-42.4599882526,,,,,,,,,,,,,,,,,115.1402487194,,143.269735569,,-31.023495095,,,180.3041383676,,,,,,,,,,,,,,,-82.6226892783,,,,,,,,,,,5.1550859794,,,,,,,,133.3333333333,,,51.893011153,,,-16.6796124515,,5379.01041484,1354.7961476123,60.9426626963,23.5262901318,14.4679948989,230.6950788784,60.9426626963,14.4679948989,133.7958744231,,-82.6226892783,,230.6950788784,,-97.5927130774,,,,164.8149403,,,,,0
000005.SZ,000005,ST星源,10004089,通用,1994-06-30 00:00:00,中报,1994中报,058001001,1994-08-31 00:00:00,1994-08-31 00:00:00,CNY,,,,,,,,,,,,,,271579200,,,,,,,,,,,,,,482828800.0,0.0,570531600,0.0,,,,,,,,,,,,,,,,,,,,,,,,,,,,,,,,,,,,,,,0,0,,,,,,,,,,,,,,4848400.0,,,,,,,,,,,,,,,,,,,,,,98724800,,,,,,,,,,,,,,,,,90000000,,,,,,,,,,759256400.0,482828800.0,570531600.0,188724800.0,759256400.0,570531600.0,4848400.0,,,,188724800.0,,,,,,,,,,,,,,,,,,,,,,,,,,,,,,,,,,,,,,,,,,,,,,,,,,,,,,,,,,,,,,,,,,,,,,,,,,,,,,,,,,,,,,,,,,,,,,,,,,,,,,,,,,,,,,,,,,,,,,,,,,,,,,,,,,,,,,,,,,,,,,,,,,,,,,,,,,,,,,,,,,,0
000005.SZ,000005,ST星源,10004089,通用,1993-12-31 00:00:00,年报,1993年报,058001001,1994-04-30 00:00:00,1994-04-30 00:00:00,CNY,,9396769.71,,,14903339.69,,,,,,,,,0,,,,,,,93779989.49,,,,,,,166755631.01,764327.79,0,46352938.57,,,,,,,,,,,,,,,,,,,,,,,,,,,,,,15223883.3,,,,,60521288.93,,,,0,0,,,,,,,,,,,,80157642.42,,219586587.37,,62517134.0,,,9396769.71,,,,,,,,,,,,,,,228144169.63,,0,,,,,,,,,148845576.4,,,,,,,,90000000,,,177799000.0,,,2164063.47,,181907.74,1994667.34,692008637.22,457198166.55,543272082.41,148736554.81,692008637.22,543272082.41,234810470.67,,228144169.63,,148736554.81,153700.0,,,,,-35225342.42,,,,,,,,,,,,,,,,,,,,,,,,,,,,,,,,,,,,,,,,,,,,,,,,,,,,,,,,,,,,,,,,,,,,,,,,,,,,,,,,,,,,,,,,,,,,,,,,,,,,,,,,,,,,,,,,,,,,,,,,,,,,,,,,,,,,,,,,,,,,,,,,,,,,,,,,,,,,,0
