300434.SZ,300434,金石亚药,10187007,通用,2023-03-31 00:00:00,一季报,2023一季报,058001001,2023-04-25 00:00:00,2023-04-25 00:00:00,CNY,,107523169.67,122095264.38,,1416425.45,,,,,,,,,0,,,,,,,1787285949.57,151749265.63,,,71145455.26,,,0,,0,,3200514.93,,11349878.05,73884788.45,,,,,,,,0,,,,,375076911.55,475858775.74,,,,,,,176759571.08,,,,,240221447.44,,,,,216145442.93,612047050.41,156831.1,,0,,,,,,118373942.13,,,6973988.94,,,28162119.57,386869329.36,,0,,46098.03,0,,157523169.67,122095264.38,50000000.0,,,,,7982430.63,113583221.22,,,,242663.45,,,,,0,,,,,340743.3,,,,42208948.49,,,,,,,,401743872,,,17500000.0,,,25651863.48,,63991182.32,69193990.68,3040493261.49,1245227814.53,517057979.86,2445852403.85,3040493261.49,594640857.64,1795265446.96,77582877.78,60997756.07,35821760.85,2417690284.28,,59027726.34,,,,164669280.39,,1688864.09,,19.0703688779,66.2834384048,,-69.5939949262,,,,,,,,,,,,,,,,-1.5591774389,63.0788619131,,,-7.1265603068,,,,,,,,10.1767615666,-19.049738174,-7.4191221188,,,,,,,,,,,,,110.1605991936,,-5.4525055702,,,,,,0.0,,,,,-6.7621209279,,,,,5.3771479347,-1.9191461074,-80.0901726172,,,,,,,,-10.6652126046,,,-25.8759496529,,,-53.5551237954,84.0346714661,,,,-77.2246209306,,,74.4400018804,31.4902465881,,,,,,-56.1540964038,353.5802649522,,,,-97.5530987961,,,,,,,,,,-39.6885499731,,,,-1.9943327569,,,,,,,,0,,,,,,1.0461221413,,0.0,43.8540171815,14.9553422937,51.553394331,39.3769621874,11.6882168564,14.9553422937,30.6784309227,-1.5371030231,-7.7089124936,-39.4156961981,33.9632822285,13.5461734178,25.6673639862,,,,,208.2837932283,,-36.4768390341,,,0
300434.SZ,300434,金石亚药,10187007,通用,2022-12-31 00:00:00,年报,2022年报,058001001,2023-04-25 00:00:00,2023-04-25 00:00:00,CNY,,97302480.75,93407726.74,,9157278.95,,,,,,,,,0,,,,,,,1787285949.57,136960552.73,,,190731104.4,,,0,,0,,3376609.16,,9726633.03,74998339.88,,,,,,,,0,,,,,391459984.49,479257450.05,,,,,,,176759571.08,,,,,244006635.37,,,,,197369370.03,616868018.88,258430.88,,0,,,,,,120743307.34,,,7558991.52,,,29124609.83,440308115.39,,0,,46098.03,0,,97302480.75,93407726.74,,,,,,3115751.66,107463565.28,,,,5123288.0,,,,,0,,,,,340743.3,,,,46223404.6,,,,,,,,401743872,,,10008751.85,,,70301055.14,,63991182.32,117657574.22,3059913477.69,1261062751.33,677584942.81,2303354411.66,3059913477.69,756559066.03,1798850726.36,78974123.22,74917034.19,25368560.96,2274229801.83,,63809837.46,,,,21208797.94,,1846278.36,,11.0293399856,50.2392527935,,11.3577932065,,,,,,,,,,,,,,,,-1.5591774389,71.6312730356,,,53.6924825351,,,,,,,,10.8542274704,-7.4857333733,-7.8558933716,,,,,,,,,,,,,30.4453148713,,-6.5170053982,,,,,,0.0,,,,,-7.1186713666,,,,,-9.3396706204,-1.9014857472,-66.7724878473,,,,,,,,-10.4562067336,,,-23.6562897555,,,-62.7837031887,87.0220512046,,,,-77.2246209306,,,11.0293399856,50.2392527935,,,,,,-83.5577641004,-10.6064271643,,,,98.3564465291,,,,,,,,,,-39.6885499731,,,,6.9051865767,,,,,,,,0,,,,,,18.3807518987,,0.0,199.0697554334,10.5409067155,33.1940574936,30.2202497196,6.5376917093,10.5409067155,24.8202638764,-1.2348558534,-7.9353608175,-7.7777518847,65.1646147588,9.1411365343,18.5215814528,,,,,110.7343878029,,-32.6476683709,标准无保留意见,,0
300434.SZ,300434,金石亚药,10187007,通用,2022-09-30 00:00:00,三季报,2022三季报,058001001,2022-10-25 00:00:00,2022-10-25 00:00:00,CNY,,85925312.86,85090288.5,,1818003.04,,,,,,,,,0,,,,,,,1815597306.06,129499221.84,,,88269278.72,,,0,,0,,3063917.41,,8302401.02,76632118.44,,,,,,,,0,,,,,161080793.84,467693408.84,,,,,,,176759571.08,,,,,247448753.73,,,,,222796239.69,614849727.91,335530.93,,0,,,,,,125413395.1,,,9519858.71,,,31682201.98,258146823.18,,0,,,0,,85925312.86,85090288.5,,,,,,5215287.68,56020270.03,,,,7553609.0,,,,,0,,,,,564972.82,,,,57336538.89,,,,,,,,401743872,,,10000000.0,,,25704729.72,,63991182.32,47017212.05,2668779411.06,879865267.01,394035187.83,2194147683.63,2668779411.06,474631727.43,1788914144.05,80596539.6,79280381.41,35991152.89,2162465481.65,,54208142.34,,,,-118866878.73,,1874196.82,,-1.5560327681,36.9037327245,,-50.5260226127,,,,,,,,,,,,,,,,0.0001663367,95.6931203063,,,-22.6147882809,,,,,,,,13.0676198721,-21.7426674055,-7.2791417046,,,,,,,,,,,,,65.717762113,,-16.6804342449,,,,,,-11.5908328138,,,,,-10.7317917181,,,,,1.1845428193,7.6857940676,-62.6169062409,,,,,,,,-9.5132368828,,,4.3979258246,,,-59.1375756074,6.7056596396,,,,,,,-1.5560327681,36.9037327245,,,,,,-66.9952138992,296.1600404398,,,,501.9341078652,,,,,,,,,,23.4647906167,,,,-0.1311961999,,,,,,,,0,,,,,,-11.8506477719,,70.0401423532,94.5543214874,2.5116617815,14.8972610737,15.5768942353,0.8456323616,2.5116617815,10.988050938,-2.6497792069,-7.0538475446,15.8422367399,85.4956031593,3.0621486421,4.8498975338,,,,,24.1708233556,,-22.8364151706,,,0
300434.SZ,300434,金石亚药,10187007,通用,2022-06-30 00:00:00,中报,2022中报,058001001,2022-08-27 00:00:00,2022-08-27 00:00:00,CNY,,80789575.9,71464280.75,,10682275.74,,,,,,,,,0,,,,,,,1787285949.57,116693101.59,,,71078114.21,,,0,,0,,3226151.75,,7648825.14,78218893.44,,,,,,,,0,,,,,121440974.92,475886283.76,,,,,,,176759571.08,,,,,252541755.87,,,,,212491617.77,619220888.28,760035.72,,0,,,,,,128899100.14,,,9494862.47,,,32583668.75,235652170.73,,0,,240584.15,0,,80789575.9,71464280.75,,,,,,10813609.25,61354236.6,,,,11701200.43,,,,,0,,,,,564972.82,,,,46903167.08,,,,,,,,401743872,,,,,,25951996.18,,63991182.32,41006492.67,2601457170.87,800035488.7,348461104.18,2170226012.96,2601457170.87,431231157.91,1801421682.17,82770053.73,57357828.73,32174299.14,2137642344.21,,69095369.06,,,,-115378659.68,,2576093.41,,-8.9151709016,22.8419189634,,60.7437316649,,,,,,,,,,,,,,,,-1.5591774389,88.294530106,,,-19.8311295683,,,,,,,,13.2772787693,-8.6613471311,-7.139535166,,,,,,,,,,,,,-3.569092281,,-4.3719152034,,,,,,-11.5908328138,,,,,-8.6520299211,,,,,4.9367690055,-3.0086814961,-14.4880729294,,,,,,,,-8.8884322093,,,60.7184477996,,,-58.395475106,7.8205074099,,,,,,,-8.9151709016,22.8419189634,,,,,,-35.2996692732,437.0461287303,,,,51.1633568306,,,,,,,,,,23.4647906167,,,,4.6307949203,,,,,,,,0,,,,,,-11.9099927265,,70.0401423532,224.6661376866,0.6019462602,7.3231288584,6.3209339959,0.023332072,0.6019462602,3.6185631525,-2.1203698611,-6.3974506026,-36.4286949751,138.8460229401,2.2109654804,5.8641022735,,,,,29.4617719586,,2.6797031733,,,0
300434.SZ,300434,金石亚药,10187007,通用,2022-03-31 00:00:00,一季报,2022一季报,058001001,2022-04-26 00:00:00,2022-04-26 00:00:00,CNY,,90302205.9,73425992.12,,4658374.05,,,,,,,,,0,,,,,,,1815594286.06,93052688.65,,,76604738.12,,,0,,0,,2904891.09,,14020804.62,79805668.45,,,,,,,,0,,,,,178471565.55,503301307.57,,,,,,,176759571.08,,,,,257643620.63,,,,,205116049.51,624022962.81,787706.98,,0,,,,,,132505987.4,,,9408537.32,,,60635578.93,210215459.01,,0,,202402.91,0,,90302205.9,92854996.89,,19429004.77,,,,18205647.45,25041482.18,,,,9917174.0,,,,,0,,,,,564972.82,,,,43067865.03,,,,,,,,401743872,,,,,,25386291.86,,63991182.32,48100144.88,2644934285.63,821642972.78,370978081.13,2189892965.16,2644934285.63,455041320.47,1823291312.85,84063239.34,100682441.23,26739984.46,2129257386.23,,46971404.88,,,,-152071954.15,,2658658.77,,-34.4344990616,21.7063581795,,-58.2868641495,,,,,,,,,,,,,,,,0.0,119.4599762961,,,-8.6710136822,,,,,,,,-2.7358651205,-14.5525051637,2.6147625119,,,,,,,,,,,,,-27.9733219171,,13.6030608135,,,,,,82.0010974536,,,,,4.4910506628,,,,,1.9907912811,-2.7414430021,,,,,,,,,-7.7494642206,,,70.3861075682,,,46.4473410995,-36.1278041348,,,,,,,-34.4344990616,53.9106681975,,,,,,119.9600624001,110.1596863276,,,,138.4141168337,,,,,,,,,,23.4647906167,,,,-8.8409694854,,,,,,,,0,,,,,,-14.5803135154,,70.0401423532,44.3553673572,1.6492096649,-14.5506851252,-3.196332216,2.4473999193,1.6492096649,-2.0244200284,11.1447490911,3.505365004,53.718249842,87.5808255574,1.5782976159,-12.0915681608,,,,,4.2353659846,,,,,0
300434.SZ,300434,金石亚药,10187007,通用,2021-12-31 00:00:00,年报,2021年报,058001001,2022-04-26 00:00:00,2023-04-25 00:00:00,CNY,,87636728.06,62172651.29,,8223294.2,,,,,,,,,0,,,,,,,1815594286.06,79799298.99,,,124099176.0,,,0,,0,,3045990.43,,10513657.39,81392443.45,,,,,,,,0,,,,,300095089.56,512668054.86,,,,,,,176759571.08,,,,,262707951.06,,,,,217702021.8,628825037.34,777761.75,,0,,,,,,134842743.35,,,9901262.98,,,78257678.29,235431122.99,,0,,202402.91,0,,87636728.06,62172651.29,,,,,,18949683.48,120213972.74,,,,2582869.42,,,,,0,,,,,564972.82,,,,43237756.82,,,,,,,,401743872,,,,,,59385545.38,,63991182.32,39341181.14,2768127717.25,946786046.66,520337615.9,2162008932.9,2768127717.25,606118784.35,1821341670.59,85781168.45,81235315.47,15359561.73,2083751254.61,,53838158.99,,,,-197578085.77,,2741224.12,,10.0091691923,60.95505363,,-12.4843080283,,,,,,,,,,,,,,,,0,118.9362724626,,,34.5316630534,,,,,,,,-2.496724227,73.7408098358,2.8260787115,,,,,,,,,,,,,95.887261631,,13.4177433768,,,,,,82.0010974536,,,,,5.5557764182,,,,,14.6038937731,-2.7094103546,,,,,,,,,64.2384170504,,,73.5975114664,,,87.6779334712,-42.683736416,,,,,,,10.0091691923,60.95505363,,,,,,35.1417999663,902.4603658837,,,,-30.5332244232,,,,,,,,,,23.4647906167,,,,62.0979280517,,,,,,,,0,,,,,,-5.1790736832,,70.0401423532,62.9776804376,10.9827542105,3.3815164448,47.6173146068,5.004477477,10.9827542105,39.2646754377,15.3931954883,3.6792884538,30.1304642071,65.4231997403,3.2955811807,-26.5439449283,,,,,16.8794595261,,,标准无保留意见,,0
300434.SZ,300434,金石亚药,10187007,通用,2021-09-30 00:00:00,三季报,2021三季报,058001001,2021-10-27 00:00:00,2021-10-27 00:00:00,CNY,,87283472.29,62153373.62,,3674665.22,,,,,,,,,0,,,,,,,1815594286.06,66174642.03,,,114064789.33,,,0,,0,,2709809.77,,10609103.0,82648197.88,,,,,,,,0,,,,,97201888.19,561324827.61,,,,,,,199933532.58,,,,,277196953.42,,,,,220188018.33,570966424.34,897547.25,,0,,,,,,138598609.1,,,9118819.78,,,77533828.33,241924209.13,,0,,,0,,87283472.29,62153373.62,,,,,,15801610.3,14140817.93,,,,1254889.68,,,,,0,,,,,457598.33,,,,57411861.07,,,,,,,,401743872,,,,,,29160429.51,,37632985.62,24166624.36,2603391033.45,765784370.13,340929032.95,2175748847.27,2603391033.45,427642186.18,1837606663.32,86713153.23,68438234.31,19402698.65,2098215018.94,,51700710.84,,,,-156756124.74,,2428861.78,,39.5491908655,-4.3880451179,,,,,,,,,,,,,,,,,,0,147.9155549369,,,18.3185501588,,,,,,,,-16.929165582,-18.984126309,2.7847721767,,,,,,,,,,,,,5.0961973344,,20.9118953479,,,,,,-70.5625469787,,,,,9.5037465241,,,,,20.0882353979,-12.3026440291,,,,,,,,,66.0667141874,,,50.9924102336,,,86.127510856,-35.5001346492,,,,,,,39.5491908655,-4.3880451179,,,,,,-79.0468091447,221.1726911582,,,,-65.1074672016,,,,,,,,,,0.6824805332,,,,54.7366884341,,,,,,,,0,,,,,,-27.7187556583,,0.1347284243,97.1240844843,-13.9841728525,-9.4958291048,16.904581337,-17.9237160939,-13.9841728525,13.8085670385,-15.7258428684,3.0759019385,10.9692945256,9.6931821718,-19.5848916228,,,,,,-144.2427288423,,,,,0
300434.SZ,300434,金石亚药,10187007,通用,2021-06-30 00:00:00,中报,2021中报,058001001,2021-08-27 00:00:00,2021-08-27 00:00:00,CNY,,88697071.4,58175809.49,,6645531.76,,,,,,,,,0,,,,,,,1815594286.06,61973707.64,,,88660491.07,,,0,,0,,2848013.11,,8374138.33,84232717.96,,,,,,33974.28,,0,,,,,125935737.61,497642805.22,,,,,,,199933532.58,,,,,276461267.45,,,,,202494911.73,638429189.16,888806.68,,0,,,,,,141473912.99,,,5907761.43,,,78317608.08,218559693.69,,0,,,0,,88697071.4,58175809.49,,,,,,16713375.54,11424388.58,,,,7740765.14,,,,,0,,,,,457598.33,,,,44827306.45,,,,,,,,401743872,,,,,,29460771.98,,37632985.62,12630357.13,2585891493.73,745445550.47,327744585.27,2169719772.38,2585891493.73,416171721.35,1840445943.26,88427136.08,90225973.35,13470728.44,2091402164.3,,65267987.52,,,,-163568979.38,,2508863.32,,57.4548904559,27.3851041582,,,,,,,,,,,,,,,,,,0,281.9303999009,,,15.4643867569,,,,,,,,-16.2375315265,-29.8918295767,2.9746228398,,,,,,-99.8793357531,,,,,,,21.5943601762,,4.7756784554,,,,,,-73.894450778,,,,,7.3600655711,,,,,14.3979931024,-2.647640132,,,,,,,,,68.5770681636,,,-3.960511604,,,89.5963536736,-45.1039004044,,,,,,,57.4548904559,27.3851041582,,,,,,-77.8239428341,,,,,120.2916000816,,,,,,,,,,0.6824805332,,,,100.1956097408,,,,,,,,0,,,,,,-26.9444686332,,0.1347284243,91.404143694,-16.9736095478,-11.1142645875,17.2997764467,-21.0861730929,-16.9736095478,14.0003553216,-19.1327579338,3.2374885807,5.69482913,-18.4350820411,-22.7744054009,,,,,,-136.0878834896,,,,,0
300434.SZ,300434,金石亚药,10187007,通用,2021-03-31 00:00:00,一季报,2021一季报,058001001,2021-04-27 00:00:00,2021-04-27 00:00:00,CNY,,137728233.0,60330448.81,,11167642.89,,,,,,,,,0,,,,,,,1815594286.06,42400755.81,,,83877793.03,,,0,,0,,2986600.45,,16408678.39,77772112.41,,,,,,33974.28,,0,,,,,247785362.73,443034988.64,,,,,,,97120057.82,,,,,246570035.42,,,,,201112322.92,641612401.08,,,0,,,,,,143637092.49,,,5521892.28,,,41404356.32,329118885.24,,0,,,0,,137728233.0,60330448.81,,,,,,8276796.82,11915454.68,,,,4159642.11,,,,,0,,,,,457598.33,,,,47244759.83,,,,,,,,401743872,,,10000000.0,,,29719486.11,,37632985.62,33320648.73,2602021495.64,961555951.6,383227298.74,2137577885.71,2602021495.64,464443609.93,1640465544.04,81216311.19,65498040.3,14255180.07,2096173529.39,,53432195.18,,,,-158797614.29,,,,118.3742184336,17.0238636705,,,,,,,,,,,,,,,,,,0,233.17755656,,,-12.9018182516,,,,,,,,-15.5890195547,28.0988628241,-6.4733266015,,,,,,,,,,,,,-4.0020109484,,-8.4897200015,,,,,,-87.3189233584,,,,,-5.8122604227,,,,,27.6271413894,-2.8625075787,,,,,,,,,69.0869915362,,,-22.3229090322,,,0.8507267986,9.1807347469,,,,,,,118.3742184336,17.0238636705,,,,,,-86.7904129156,,,,,126.4271757022,,,,,,,,,,0.6824805332,,,,28.9198481852,,,,,,,,0,,,,,,-31.2658129785,,0.1347284243,115.1340803701,-18.1234673987,8.4979327007,28.7828598549,-23.473669293,-18.1234673987,20.721249186,-28.4182916209,-6.8061013505,-8.3652794678,-21.8817345688,-23.8365205364,,,,,,-131.9330829036,,,,,0
300434.SZ,300434,金石亚药,10187007,通用,2020-12-31 00:00:00,年报,2020年报,058001001,2021-04-27 00:00:00,2022-04-26 00:00:00,CNY,,79663112.36,38627337.19,,9396365.4,,,,,,,,,0,,,,,,,1815594286.06,36448642.38,,,92245329.6,,,0,,0,,3123987.79,,6051345.91,79155448.18,,,,,,33974.28,,0,,,,,153197858.33,452017505.9,,,,,,,97120057.82,,,,,248880696.04,5757.72,95375.28,,,189960405.91,646336957.8,,,0,,,,,,82101828.41,,,5703574.26,,,41697858.05,410757973.86,,0,,,0,,79663112.36,38627337.19,,,,,,14022074.21,11991892.83,,,,3718136.33,,,,,0,,,,,457598.33,,,,26673849.16,,,,,,,,401743872,,,10000000.0,,,62629155.49,,37632985.62,24138999.3,2494196271.25,915817526.4,352490910.22,2058968326.73,2494196271.25,435227944.52,1578378744.85,82737034.3,62426055.24,9285010.66,2017270468.68,,73293017.08,,,,-237700675.0,,,,32.3492802179,-24.1753279503,,-92.0315916198,,,,,,,,,,,,,,,,0,189.4989165642,,,,,,,,,,,-15.0218590393,-39.8461454548,-6.3674008892,,,,,,0.0,,,,,,,-41.2504489491,,-8.6433337032,,,,,,-87.3189233584,,,,,-6.4901545389,-51.9299903655,,,,28.5534583751,-2.8426261318,,,,,,,,,-4.5463396309,,,-18.4029828282,,,0.8443418245,21.6090741454,,,,,,,32.3492802179,-24.1753279503,,,,,,179.7443724137,,,,,73.4395287611,,,,,,,,,,0.6824805332,,,,-14.6177996409,,,,,,,,0,,,,,,-14.3417569367,,0.1347284243,-41.7551341836,-22.7866164125,-0.4997075774,-4.1471430224,-25.7722738878,-22.7866164125,-4.64117122,-31.6673975519,-6.690079271,-6.9250464948,-5.3159901537,-26.1750411176,-4.9544025015,,,,,-149.7714709752,,,标准无保留意见,,0
300434.SZ,300434,金石亚药,10187007,通用,2020-09-30 00:00:00,三季报,2020三季报,058001001,2020-10-29 00:00:00,2020-10-29 00:00:00,CNY,,62546741.94,65005860.09,,,,,,,,,,,0,,,,,,,1815594286.06,26692412.28,,,96404823.4,,,0,,0,,3262047.13,,13095091.76,80408990.68,,,,,,33974.28,,0,,,,,92488492.12,464242848.89,,,,,,,679180812.4,,,,,253139241.55,11977.78,,,,183355195.12,651064582.3,,,0,,,,,,83459596.21,,,6039257.05,,,41656296.79,375077076.23,,0,,4000000,0,,62546741.94,65005860.09,,,,,,75413861.35,4402870.58,,,,3596441.93,,,,,0,,,,,454496.48,,,,37102940.26,,,,,,,,401743872,,,10000000.0,,,40343009.83,,37582351.51,12259600.05,3026641863.23,846131578.86,291630173.13,2650886155.81,3026641863.23,375755707.42,2180510284.37,84125534.29,61673127.33,17688153.69,2609229859.02,,,,,,354309349.45,,,,14.2965470406,0.7422227519,,,,,,,,,,,,,,,,,,0.0,164.5102467261,,,,,,,,,,,7.6968446033,38.8980309446,-5.229684941,,,,,,-97.4907736061,,,,,,,,,-6.2340840378,,,,,,-13.7511250333,,,,,-6.3837999386,-46.6666488559,,,,10.255043416,-2.8225673724,,,,,,,,,-3.5578427983,,,-26.7895356866,,,2.9935836565,23.6018048021,,,,29.0322580645,,,14.2965470406,-57.8737859847,,,,,,37.4489210914,,,,,23.264510491,,,,,,,,,,5.2429283788,,,,-2.3209297384,,,,,,,,0,,,,,,113.614218685,,44.5761069653,-29.364724114,-1.9044636188,13.54011355,8.3953493077,-2.5428207948,-1.9044636188,2.8481428282,-6.8227773095,-12.6485317075,-22.2927037593,-37.512164201,-2.6263863391,,,,,,-18.7873632626,,,,,0
300434.SZ,300434,金石亚药,10187007,通用,2020-06-30 00:00:00,中报,2020中报,058001001,2020-08-26 00:00:00,2020-08-26 00:00:00,CNY,,56331734.85,45669240.43,,,,,,,,,,,0,,,,,,,1815594286.06,16226440.12,,,76786006.11,,,0,,0,,3400106.47,,11944596.87,81799491.6,,,,,,28156045.28,,0,,,,,103570377.3,474960231.76,,,,,,,765866026.72,,,,,257508474.85,11977.78,,,,177009146.96,655792206.81,,,0,,,,,,83922394.98,,,6151387.86,,,41307549.73,398133374.32,,0,,4000000,0,,56331734.85,45669240.43,,,,,,75366758.91,,,,,3513872.13,,,,,0,,,,,454496.48,,,,22391753.0,,,,,,,,401743872,,,10000000.0,,,40326545.34,,37582351.51,6598789.81,3114541629.05,838655996.95,279407681.07,2749479853.43,3114541629.05,365061775.62,2275885632.1,85654094.55,85364604.96,16515346.03,2708172303.7,,,,,,453251794.13,,,,9.9643274566,-17.3463667917,,,,,,,,,,,,,,,,,,0.0,87.4595276575,,,,,,,,,,,8.0841545485,52.3632591626,-5.1645968589,,,,,,1979.5110879063,,,,,,,,,-5.3346910225,,,,,,-2.7430074969,,,,,-6.2823862378,-46.6666488559,,,,17.5341883577,-2.8027897139,,,,,,,,,,,,-20.3215788256,,,4.5960192905,9.5737065092,,,,29.0322580645,,,9.9643274566,-71.8430931229,,,,,,30.3918649771,,,,,-10.8312531357,,,,,,,,,,5.2429283788,,,,-19.1194082327,,,,,,,,0,,,,,,85.8414660456,,44.5761069653,-33.3440372475,2.5764326866,8.9883791603,18.5380937634,1.7282236011,2.5764326866,9.4496490018,0.3998450421,-12.4476138756,71.2438485443,110.0993386616,1.6856984301,,,,,,7.931365826,,,,,0
300434.SZ,300434,金石亚药,10187007,通用,2020-03-31 00:00:00,一季报,2020一季报,058001001,2020-04-29 00:00:00,2020-04-29 00:00:00,CNY,,63069822.98,51553971.06,,,,,,,,,,,0,,,,,,,1815594286.06,12726174.07,,,96302576.41,,,0,,0,,3538165.81,,12809386.46,83155007.64,,,,,,,,0,,,,,258115159.68,484136851.78,,,,,,,765866026.72,,,,,261785702.18,,,,,157578020.42,660519831.31,,,0,,,,,,84948635.72,,,7108778.42,,,41055089.67,301444101.84,,0,,8000000,0,,63069822.98,51553971.06,,,,,,62657498.43,,,,,1837077.24,,,,,0,,,,,454496.48,,,,36646614.54,,,,,,,,401743872,,,,,,43238288.54,,37582351.51,15488317.18,3177982033.4,886243569.5,297576322.79,2793258040.68,3177982033.4,384723992.72,2291738463.9,87147669.93,71477317.68,18248203.53,2752202951.01,,,,,,497282441.44,,,,,,,,,,,,,,,,,,,,,,,0.0,338.6349096946,,,,,,,,,,,8.4437151573,30.8992092743,-5.0846890992,,,,,,,,,,,,,,,-5.3568735996,,,,,,-2.7430074969,,,,,-5.5918928052,,,,,7.8517822406,-2.78328729,,,,,,,,,,,,-23.384802575,,,5.9837438681,4.6212752718,,,,14.2857142857,,,-16.842737188,-84.3979777089,,,,,,33.1827601874,,,,,-69.1038772387,,,,,,,,,,5.2429283788,,,,6.7029151679,,,,,,,,0,,,,,,104.8708288307,,44.5761069653,-39.6276292134,1.1023922313,3.0886005854,-3.8681661448,2.1496732268,1.1023922313,-5.9019694151,0.3546708596,-12.2417232326,-21.8767028117,33.8427639333,2.0945784938,,,,,,9.9196093372,,,,,0
300434.SZ,300434,金石亚药,10187007,通用,2019-12-31 00:00:00,年报,2019年报,058001001,2020-04-29 00:00:00,2021-05-06 00:00:00,CNY,,60191572.05,50942966.38,,117920228.88,,,,,,,,,0,,,,,,,1815594286.06,12590251.74,,,,,,0,,0,,3676225.15,,10059780.8,84538343.41,,,,,,33974.28,,0,,,,,260764304.73,494783275.51,,,,,,,765866026.72,,,,,266154536.79,11977.78,,,,147767635.59,665247455.82,,,0,,,,,,86012236.82,,,6989929.85,,,41348733.4,337769181.08,,0,,8000000,0,,60191572.05,50942966.38,,,,,,5012459.8,,,,,2143765.24,,,,,0,,,,,454496.48,,,,31240526.77,,,,,,,,401743872,,,,,,73115153.02,,37582351.51,41443995.04,3230264178.78,920416919.49,367741683.8,2773853429.94,3230264178.78,456410748.84,2309847259.29,88669065.04,67070734.81,9806313.31,2732504696.54,,77113531.83,,,,477584186.97,,,,-5.3007541546,36.2166298386,,-31.0200610858,,,,,,,,,,,,,,,,0.0,611.7183519409,,,,,,,,,,,8.7784054996,53.6615958798,-4.9759460153,,,,,,-97.4907736061,,,,,,,,,-5.0589778066,,,,,,-2.7430074969,,,,,-5.2850227354,-66.4957015361,,,,-6.7583785002,-2.7640543934,,,,,,,,,,,,-30.9126231236,,,8.3891702503,-1.4452387699,,,,14.2857142857,,,-5.3007541546,-82.7676113979,,,,,,-91.1252932739,,,,,-67.1358782141,,,,,,,,,,5.2429283788,,,,8.0758323335,,,,,,,,0,,,,,,31.235483385,,44.5761069653,-2.7615891704,1.2377429199,3.1815584563,-9.7645695325,3.4071435323,1.2377429199,-10.2105836836,0.4834348245,-12.0142435714,16.2555801837,-0.2000538259,3.3352698274,,,,,,19.1051876639,,,标准无保留意见,,0
300434.SZ,300434,金石亚药,10187007,通用,2019-09-30 00:00:00,三季报,2019三季报,058001001,2019-10-25 00:00:00,2019-10-25 00:00:00,CNY,,54723212.17,64526926.56,,95611793.93,,,,,,,,,0,,,,,,,1815594286.06,10091258.32,,,,,,0,,0,,3028916.16,,9427845.5,84846178.5,,,,,,1353974.28,,0,,,,,,495108317.48,,,,,,,787466285.98,,,,,270401107.27,22458.33,,,,166300959.52,669975080.32,,,0,,,,,,86538500.0,8000000.0,,8249171.9,,,40445526.13,303455986.61,,0,,3100000,0,,54723212.17,154312134.64,,89785208.08,,,,54866826.71,,,,,2917662.12,,,,,0,,,,,431854.65,,,,37984534.62,,,,,,,,401743872,,,,,,18885919.71,,25994856.48,17356200.42,3085402226.12,745226997.23,269043067.8,2720052209.01,3085402226.12,365350017.11,2340175228.89,96306949.31,79365941.57,28306555.13,2679606682.88,,,,,,436273668.34,,,,,,,18.2963697868,,,,,,,,,,,,,,,,-8.9538444974,-42.6518635906,,,,,,,,,,,8.0054612125,7.6733669405,-5.34931386,,,,,,,,,,,,,,,-3.1548355586,,,,,,0.0,,,,,-5.2638427912,,,,,12.304101975,-2.7171852969,,,,,,,,,,-46.6666666667,,-9.2084263928,,,16.4773346725,-0.7563507076,,,,,,,-10.2610332974,35.8422775749,,,,,,-19.2751632857,,,,,-19.868507834,,,,,,,,,,-14.2992974861,,,,56.7720751717,,,,,,,,80,,,,,,-20.6317237431,,14.2097641253,-14.6635623639,3.4768598141,11.2552322969,-3.1229985334,4.7759362929,3.4768598141,-5.2677259163,1.2231990093,-10.7853458889,-2.9494014113,177.7207237678,4.6173011915,,,,,,35.807978113,,,,,0
300434.SZ,300434,金石亚药,10187007,通用,2019-06-30 00:00:00,中报,2019中报,058001001,2019-08-28 00:00:00,2019-08-28 00:00:00,CNY,,51227280.84,55253760.37,,99935075.68,,,,,,,,,0,,,,,,,1815594286.06,8655969.81,,,,,,0,,0,,3145795.5,,7839551.96,86254171.85,,,,,,1353974.28,,0,,,,,,501725750.32,,,,,,,787466285.98,,,,,274770626.9,22458.33,,,,150602262.57,674702704.82,,,0,,,,,,,8000000,,7720268.26,,,39492468.27,363347546.6,,0,,3100000.0,0,,51227280.84,162195516.11,,106941755.74,,,,57800200.13,,,,,3940699.24,,,,,0,,,,,431854.65,,,,27684951.99,,,,,,,,401743872,,,,,,21699433.5,,25994856.48,9899774.21,3036313066.73,769491209.44,235711299.38,2702769945.35,3036313066.73,333543121.38,2266821857.29,97831822.0,49849735.15,7860732.04,2663277477.08,,,,,,419944462.54,,,,-14.7916285502,34.8557153775,,-1.7855329319,,,,,,,,,,,,,,,,-8.9538444974,-17.0797849022,,,,,,,,,,,8.5327584509,35.2718566946,-5.211959591,,,,,,-94.7733068069,,,,,,,,,-2.6346031063,,,,,,0.0,,,,,-5.0913603936,-51.9276498001,,,,10.1888893203,-2.7432716399,,,,,,,,,,-27.9279279279,,-14.1310083043,,,14.1984623355,24.2400546647,,,,-58.6666666667,,,-14.7916285502,35.7789599799,,36.2609447837,,,,-19.3394380211,,,,,-55.5316952335,,,,,,,,,,-14.2992974861,,,,-7.7822233052,,,,,,,,80.0,,,,,,-39.8023370452,,14.2097641253,-24.5748900038,1.65926448,16.4964250225,-21.8670788638,4.775754177,1.65926448,-18.0844310163,-2.5537188321,-7.2677814313,-27.895816396,-23.3835964568,4.6477149347,,,,,,37.734282157,,,,,0
300434.SZ,300434,金石亚药,10187007,通用,2019-03-31 00:00:00,一季报,2019一季报,058001001,2019-04-27 00:00:00,2019-04-27 00:00:00,CNY,,,,,78453454.1,,,,,,,,,0,,,,,,,1815594286.06,2901313.55,,,,,,0,,0,,3262674.84,,9785686.66,87609687.89,,,,,,,,0,,,,,,511539369.2,,,,,,,787466285.98,,,,,277291548.32,,,,,146106088.51,679430329.31,,,0,,,,,,,8000000,,9278548.72,,,38737157.39,288128873.46,,0,,7000000.0,0,,75844034.36,330431338.31,,,,,,47046253.09,,,,,5945979.87,,,91492960.81,13634060.59,0,,,,,431854.65,,,,34344529.84,,,,,,,,401743872,,,10000000.0,,,21105146.49,,25994856.48,25654644.63,3143330205.41,859691143.8,309550240.39,2734475747.64,3143330205.41,408854457.77,2283639061.61,99304217.38,91492960.81,13634060.59,2695738590.25,,,,,,452405575.71,,,,,,,-10.3916394401,,,,,,,,,,,,,,,,-8.9538444974,-81.0036673626,,,,,,,,,,,9.0269063217,-0.7101325871,-5.1354602891,,,,,,,,,,,,,,,0.3294099314,,,,,,0.0,,,,,-5.6564234214,,,,,18.9672880274,-2.7187570273,,,,,,,,,,-46.6666666667,,-8.1228972133,,,13.9668969496,50.7148966057,,,,40.0,,,13.0389967291,9.9964139703,,,,,,-40.6774670981,,,,,-21.4781105851,,,10.519013753,37.3778046156,,,,,,-15.2532432873,,,,-3.4044710431,,,,,,,,80.0,,,,,,-35.1815924025,,14.2097641253,-28.20181524,2.0966590807,16.1385839068,-15.4644560633,5.1015416862,2.0966590807,-14.2920539072,-2.3480763016,-10.4193441728,7.3374231756,24.1812309188,4.9841894709,,,,,,38.0725176334,,,,,0
300434.SZ,300434,金石亚药,10187007,通用,2018-12-31 00:00:00,年报,2018年报,058001001,2019-04-27 00:00:00,2020-04-29 00:00:00,CNY,,63560772.33,37398492.71,,170948584.09,,,,,,,,,0,,,,,,,1815594286.06,1768993.55,,,,,,0,,0,,3379554.18,,6546711.13,88965203.93,,,,,,1353974.28,,0,,,,,,521148039.15,,,,,,,787466285.98,,,,,281005754.82,35749.98,451700.0,,,158478191.62,684157953.8,,,0,,,,,,,8000000,,10117520.98,,,38148399.24,342722337.17,,0,,7000000.0,0,,63560772.33,295623361.08,,258224868.37,,,,56480286.67,,,,,6523117.38,,,,,0,,,,,431854.65,,,,28906117.21,,,,,,,,401743872,,,10000000.0,,,55712945.26,,25994856.48,42621012.3,3190770641.08,892036264.29,407535800.4,2682458227.92,3190770641.08,508312413.16,2298734376.79,100776612.76,57692486.42,9825970.54,2644309828.68,,,,,,400976814.14,,,,-10.1029010254,-7.6277890361,,11.4863280489,,,,,,,,,,,,,,,,-8.9538444974,-90.6801918948,,,,,,,,,,,9.49093554,12.2065278407,-5.0611741625,,,,,,0.0,,,,,,,,,0.3809200743,,,,,,0.0,,,,,-5.7684588274,-20.8871181363,,,,35.3819854169,-2.7192757109,,,,,,,,,,-46.6666666667,,-2.6191679087,,,12.2414439234,77.776156767,,,,40.0,,,-10.1029010254,-12.9171684627,,-13.6334193008,,,,-45.3746771905,,,,,-28.2926827418,,,,,,,,,,-15.2532432873,,,,94.1583963514,,,,,,,,80.0,,,-81.1320754717,,,3.4696547805,,14.2097641253,-41.3196483066,1.9856206463,14.9207012089,-11.912365578,5.0422190186,1.9856206463,-11.5904996693,-2.2825023615,-10.2645405579,6.5792430117,14.0116198959,4.9451101971,,,,,,43.4063990881,,,标准无保留意见,,0
300434.SZ,300434,金石亚药,10187007,通用,2018-09-30 00:00:00,三季报,2018三季报,058001001,2018-10-26 00:00:00,2018-10-26 00:00:00,CNY,0.0,,,,80823945.91,,,,,,,,,0,0.0,,,,,,1994147118.06,17596488.66,,,,,,0,0.0,0,0.0,2804410.19,,8755967.95,89641377.11,,,,,,,,0,,,,,,511237004.28,,,,,,,787466285.98,,,,,285425454.48,,,,,148080930.79,688688009.66,,,0,,,0.0,,,,15000000,,9085834.26,,,34723945.43,305768670.11,,0,0.0,,0,0.0,60980434.9,113596545.49,,,,,,67967714.7,,,,,3641092.96,,,81777900.11,10192453.32,0,0.0,,,,503910.28,,,,24229145.77,,,,,,,,223191040,,,10000000.0,,,23795300.34,,22760625.31,20338557.48,2981731598.41,669835460.18,277716138.74,2596065762.09,2981731598.41,385665836.32,2311896138.23,107949697.58,81777900.11,10192453.32,2561341816.66,,,,,,321243033.29,,,,,,,-19.2728975673,,,,,,,,,,,,,,,,4.8257481071,36.7997919438,,,,,,,,,,,-15.8833595943,212.7396357032,,,,,,,,,,,,,,,,-2.8439682837,,,,,,30.7939851794,,,,,-5.506498425,,,,,20.4961258807,-2.7291091206,,,,,,,,,,-25.0,,-18.4496423369,,,-10.0431361456,78.8306618787,,,,,,,-16.0664543813,-21.0442540768,,,,,,-34.5217721016,,,,,-58.8709327523,,,107.3478479175,14.360078691,,,,,,-2.4739883847,,,,-5.113402976,,,,,,,,0.0,,,-87.1794871795,,,190.6196340318,,4.1729807672,-29.3606265568,8.2163347003,16.2912682387,-20.6786684642,9.0153022824,8.2163347003,3.12859017,6.0821404817,352.6069927229,99.8962617603,14.360078691,9.3293178438,,,,,,64.4094603768,,,,,0
300434.SZ,300434,金石亚药,10187007,通用,2018-06-30 00:00:00,中报,2018中报,058001001,2018-08-24 00:00:00,2018-08-24 00:00:00,CNY,0.0,60120009.3,40972501.77,,101751889.17,,,,,,,,,0,0.0,,,,,,1994147118.06,10438913.84,,,,,,0,0.0,0,0.0,2898475.58,,5795405.01,90996893.15,,,,,,25904988.68,,0,,,,,,515301910.46,,,,,,,787466285.98,,,,,289510657.87,46717.77,,,,136676450.32,693733704.8,,,0,,,0.0,,,,11100000,,8990752.2,,,34582311.76,292456042.12,,0,0.0,7500000.0,0,0.0,60120009.3,119455559.34,,78483057.57,,,,71658563.63,,,,,8861815.76,,,43183997.83,10259855.17,0,0.0,,,,503910.28,,,,30021274.62,,6127712.39,,,,,,223191040,,,14000000.0,,,36046969.99,,22760625.31,13125302.98,2986754903.51,660527745.2,301679875.72,2579575748.78,2986754903.51,407179154.73,2326227158.31,105499279.01,69135704.28,10259855.17,2544993437.02,,,,,,304894653.65,,,,-29.7978935206,-25.5077852752,,25.6859527776,,,,,,,,,,,,,,,,102.2841226962,-11.5114960798,,,,,,,,,,,34.0136085088,73.2119643761,,,,,,,1813.255595963,,,,,,,,,5.1128978593,,,,,,30.7939851794,,,,,-5.5995085394,-75.080965392,,,,27.0138895651,-2.6712770354,,,,,,,,,,-44.5,,-52.2300292847,,,-84.8198810157,-20.4266798325,,,,-65.0383548965,,,-29.7978935206,2.2715489399,,26.9953566373,,,,321.1313840427,,,,,-80.7196699128,,,-91.0666524774,-12.9981102126,,,,,,-2.2714017337,,,,-6.7298416932,,100.9118900011,,,,,,25.8526457281,,,-97.3563487833,,,200.2931509048,,4.1729807672,-32.0908578905,4.8840691595,1.1627181348,-75.550578666,62.1252620111,4.8840691595,-67.5960390751,5.991174113,365.196285936,-85.7435590874,-12.9981102126,86.6806447241,,,,,,71.0198360322,,,标准无保留意见,,0
300434.SZ,300434,金石亚药,10187007,通用,2018-03-31 00:00:00,一季报,2018一季报,058001001,2018-04-26 00:00:00,2018-04-26 00:00:00,CNY,,67095459.58,43936433.33,,87551489.18,,,,,,,,,0,,,,,,,1994147118.06,15273019.3,,,,,,0,,0,,2992540.97,,9855675.02,92352409.19,,,,,,2408637.68,1054663.4,0,,,,,,509859840.25,,,,,,,787466285.98,,,,,293916722.66,45188.57,,,,122811985.49,698418635.03,,,0,,,,,53000000.0,,15000000.0,,10098869.51,,,33989832.51,191174780.96,,0,,5000000.0,0,,67095459.58,300401918.92,,256465485.59,,,,79305873.82,,,,,7572385.12,,,82784814.76,9924500.27,0,,,,,509582.51,,,,35554989.15,,6088567.09,,,,,,223191040,,,,,,32560421.14,,22760625.31,35731606.19,3078778711.97,740228712.01,366177617.1,2601746562.2,3078778711.97,477032149.77,2338549999.96,110854532.67,85238641.01,10979163.67,2567756729.69,,,,,,327657946.32,,,,196.7400989353,131.5997125649,,91.7386368394,,,,,,,,,,,,,,,,2617.8793602215,45.9259146523,,,,,,,,,,,,258.9824682312,,,,,,,,,,,,,,,,567.9186673436,,,,,,,,,,,733.7738672392,,,,,149.6073917449,,,,,,,,,,,,,,,,8584.9197315526,161.2067666568,,,,,,,196.7400989353,1285.0934876433,,9338.0538781895,,,,-40.2798620662,,,,,-84.9888233716,,,475.9543437337,465.4116431372,,,,,,0.1331329056,,,,27.313513824,,1816.1201155683,,,,,,64.1110588235,,,,,,21640.6962341208,,4.1729807672,2517.5398132032,538.5930657847,141.4648228851,335.0913125353,554.9585299285,538.5930657847,462.003301787,1232.0406800916,15305.64656189,493.0262172597,525.497183943,547.0394712487,,,,,,97.8291968242,,,,,0
300434.SZ,300434,金石亚药,10187007,通用,2017-12-31 00:00:00,年报,2017年报,058001001,2018-04-20 00:00:00,2019-04-27 00:00:00,CNY,0.0,70703919.32,40486735.48,,153335917.58,,,,,,,,,0,0.0,,,,,,1994147118.06,18981008.3,,,,,,0,0.0,0,0.0,3086606.36,,5834518.95,93707925.23,,,,,,1353974.28,,0,,,,,,519170414.82,,,,,,,787466285.98,,,,,298207745.86,45188.57,,,,117060029.17,703282134.05,,,0,,,0.0,,,,15000000.0,,10389643.18,,,33987801.57,192783072.49,,0,0.0,5000000.0,0,0.0,70703919.32,339473758.33,,298987022.85,,,,103395794.78,,,,,9096864.35,,,52731908.82,8618393.94,0,0.0,,,,509582.51,,,,14887904.8,,6043917.53,,,,,,223191040,,,53000000.0,,,53844719.38,,22760625.31,72632509.98,3128647569.0,776218953.51,462648137.93,2553695316.97,3128647569.0,574952252.03,2352428615.49,112304114.1,54131071.67,8618393.94,2519707515.4,,,,,,279608732.03,,,,220.3246525228,80.8734988226,,269.2368505074,,,,,,,,,,,,,,,,2617.8793602215,-69.6905736754,,,,,,,,,,,,303.4935693797,,,,,,,,,,,,,,,,2545.45612644,,,,,,,,,,,736.1160074973,,,,,122.483480561,,,,,,,,,,,,,,,,5269.1774257788,179.595671703,,,,,,,220.3246525228,1025.7998498678,,3747.9668320463,,,,-29.6283534518,,,,,-80.6296332233,,,266.802526921,880.2002949679,,,,,,4.5846574132,,,,-17.0227693869,,,,,,,,64.1110588235,,,,,,53297.9600077988,,4.1729807672,3254.9031716624,546.6911653108,144.5019500007,476.5640445999,533.5712642585,546.6911653108,612.1957614715,1314.3674950149,22948.8430602455,276.5350869674,880.2002949679,526.1222314264,,,,,,63.3130339099,,,标准无保留意见,,0
300434.SZ,300434,金石亚药,10187007,通用,2017-09-30 00:00:00,三季报,2017三季报,058001001,2017-10-27 00:00:00,2017-10-27 00:00:00,CNY,,72653233.52,55176378.03,,100119964.02,,,,,,,,,0,,,,,,,1902344752.19,12862949.87,,,,,,0,,0,,3333954.11,,2799762.79,,,,,,,1470213.74,,0,,,,,,526202022.92,,,,,,,602066130.87,,,,,302058289.43,,,,,122892690.29,708010385.67,,,0,,,,,,,20000000.0,,11141378.8,,,38600662.52,170982239.23,,0,,21452079.78,0,,72653233.52,143873690.46,,88697312.43,,,,103802006.99,,,,,8852845.94,,,39439956.06,8912597.33,0,,,,,516693.21,,,,25534845.31,,5351529.47,,,,,,223191040,,,78000000.0,,,8187781.4,,21848875.92,28792097.79,2755343365.37,575998069.61,350115326.31,2381377391.74,2755343365.37,373965973.63,2179345295.76,23850647.32,40910169.8,8912597.33,2342776729.22,,,,,,195392061.11,,,,284.2846662232,137.3613349172,,98.4419953408,,,,,,,,,,,,,,,,2492.7593261187,-73.7496041898,,,,,,,,,,,,125.2011866502,,,,,,,,,,,,,,,,2644.6387217017,,,,,,,,,,,844.0570455454,,,,,143.6413591804,,,,,,,,,,,,,,,,4530.6611494126,35.9929623464,,,,,,,284.2846662232,392.3736038658,,1384.5483861951,,,,-26.8008061335,,,,,,,,246.7547538549,11.6677107374,,,,,,32.2651085306,,,,21.1219807509,,,,,,,,64.1110588235,,,,,,8171.3484880444,,13.7091325884,822.3705975983,476.8274865269,53.0851067666,317.034063104,505.4436109077,476.8274865269,343.3802473428,2049.0021409047,6005.380127417,259.680823112,11.6677107374,496.8947554525,,,,,,19.2084007802,,,,,0
300434.SZ,300434,金石亚药,10187007,通用,2017-06-30 00:00:00,中报,2017中报,058001001,2017-08-29 00:00:00,2017-08-29 00:00:00,CNY,,85638469.15,55002394.44,,80957248.54,,,,,,,,,0,,,,,,,985814947.55,11796915.28,,,,,,0,,0,,2162821.83,,3345845.67,,,,,,,1353974.28,,0,,,,,,490236613.16,,,,,,,602066130.87,,,,,306683422.29,187478.25,,,,107607483.55,712773869.49,,,0,,,,,,,20000000.0,,18820928.85,,,227813179.83,367530274.6,,0,,21452079.78,0,,85638469.15,116802337.09,,61799942.65,,,,17015726.29,,,,,45962987.77,,,483402192.97,11792680.82,0,,,,,515622.13,,,,32187438.26,,3049950.1,,,,,,177343145,,,529570614.75,,,12003926.79,,21848875.92,19327740.82,2847672604.09,652935940.61,1233893725.33,1591100434.8,2847672604.09,1256572169.29,2194736663.48,22678443.96,484943645.5,11792680.82,1363287254.97,,,,,,178280286.5,,,,511.9218591885,263.9223356982,,103.9445666731,,,,,,,,,,,,,,,,1243.5950009298,-72.5509275435,,,,,,,,,,,,222.0458162009,,,,,,,,,,,,,,,,2394.9612412875,,,,,,,,,,,851.3289827161,,,,,114.0342699089,,,,,,,,,,,,,,,,24890.1443640338,424.4622853976,,,,,,,511.9218591885,398.7655217032,,644.1729446282,,,,-91.1322240349,,,,,,,,269873.565145041,186.5229378692,,,,,,38.3779382647,,,,119.2710647126,,,,,,,,30.3993713235,,,,,,11397.4470033327,,13.7091325884,207.9247650116,532.3211772248,84.2113215319,1947.924186684,308.2584961695,532.3211772248,1972.7453834686,2188.5003241017,5986.2327965577,270734.445465978,186.5229378692,250.6243369828,,,,,,11.264594913,,,,,0
300434.SZ,300434,金石亚药,10187007,通用,2017-03-31 00:00:00,一季报,2017一季报,058001001,2017-04-27 00:00:00,2017-04-27 00:00:00,CNY,,22610850.31,18970849.68,,45661891.95,,,,,,,,,0,,,,,,,73371436.1,10466283.07,,,,,,0,,0,,,,2745447.45,,,,,,,,,0,,,,,,76335617.67,,,,,,,,,,,,35251371.41,,,,,49202062.74,,,,0,,,,,,,,,,,,391366.11,73189061.45,,0,,,0,,22610850.31,21688205.28,,2717355.6,,,,132795865.12,,,,,50444980.48,,210665.8,14373502.98,1755269.88,0,,,,,508904.99,,,,27927113.22,,317754.98,,,,,,136000000,,,,,,149767.15,,21848875.92,1365083.58,482119032.75,306557577.69,84161095.97,397238365.99,482119032.75,84880666.76,175561455.06,719570.79,14373502.98,1755269.88,396846999.88,,,,,,165626687.86,,,,155.2442282089,74.4449823072,,8.7513821365,,,,,,,,,,,,,,,,-48.1002399607,-71.5318828866,,,,,,,,,,,,204.9648720508,,,,,,,,,,,,,,,,278.8083012466,,,,,,,,,,,8.3177589313,,,,,-6.5452490815,,,,,,,,,,,,,,,,,143.9117628542,,,,,,,155.2442282089,45.8032975198,,-32.06611,,,,-41.5173264902,,,,,,,,7093.8806257001,-23.8305064512,,,,,,63.6836079952,,,,32.2076940283,,,,,,,,100.0,,,,,,70.8428346054,,13.7091325884,77.4639174245,9.9755986454,-11.9153674275,62.1519476312,2.8651890229,9.9755986454,62.5645378037,94.2887489499,131.4419104343,7093.8806257001,-23.8305064512,2.7638444593,,,,,,5.1013351643,,,,,0
300434.SZ,300434,金石亚药,10187007,通用,2016-12-31 00:00:00,年报,2016年报,058001001,2017-04-27 00:00:00,2018-04-20 00:00:00,CNY,0.0,22072581.29,22384006.36,,41527793.71,,,,,,,,,0,0.0,,,,,,73371436.1,62624109.4,,,,,,0,0.0,0,0.0,,,1446000.48,,,,,,,,,0,,,,,,19624986.77,,,,,,,,,,,,35665833.83,,,,,52615155.46,,,,0,,,0.0,,,,,,,,,633016.92,68950664.12,,0,0.0,,0,0.0,22072581.29,30154006.36,,7770000.0,,,,146928201.7,,,,,46962788.34,,,14376102.93,879248.25,0,0.0,,,,487244.04,,,,17942156.77,,,,,,,,136000000,,,,,,100836.66,,21848875.92,2164965.91,483793151.48,317469432.66,80242280.5,403063626.94,483793151.48,80729524.54,166323718.82,487244.04,14376102.93,879248.25,402430610.02,,,,,,171210298.0,,,,82.7307140247,111.6335414429,,21.3406723233,,,,,,,,,,,,,,,,-48.1002399607,124.0354852757,,,,,,,,,,,,59.8516718478,,,,,,,,,,,,,,,,-4.5933862837,,,,,,,,,,,8.5670181431,,,,,-3.2756862097,,,,,,,,,,,,,,,,,-66.0021732641,,,,,,,82.7307140247,134.5097200055,,240.5591481551,,,,118.8977541424,,,,,,,,7540.9289413047,-24.6252133977,,,,,,38.6831066056,,,,52.0883596421,,,,,,,,100.0,,,,,,50.8615731894,,13.7091325884,97.767258363,11.8781693596,-9.3332840858,68.3883089039,5.0454312126,11.8781693596,65.6858446578,102.1469083431,-54.519971162,7540.9289413047,-24.6252133977,4.880455931,,,,,,10.3742597977,,,标准无保留意见,,0
300434.SZ,300434,金石亚药,10187007,通用,2016-09-30 00:00:00,三季报,2016三季报,058001001,2016-10-27 00:00:00,2016-10-27 00:00:00,CNY,,18906097.46,23245731.26,,50453012.15,,,,,,,,,0,,,,,,,73371436.1,49000974.93,,,,,,0,,0,,,,1243227.37,,,,,,,,,0,,,,,,19171995.89,,,,,,,,,,,,31995766.66,,,,,50439995.37,,,,0,,,,,,,,,,,,833588.58,125728740.87,,0,,,0,,18906097.46,29220431.26,,5974700.0,,,,141807582.17,,,,,,,,11374020.29,7981355.82,0,,,,,390649.67,,,,21081925.14,,,,,,,,136000000,,,,,,98989.68,,19214706.35,3121532.48,477671995.48,376260030.63,83953652.06,393327693.75,477671995.48,84344301.73,101411964.85,390649.67,11374020.29,7981355.82,392494105.17,,,,,,163907962.72,,,,90.5613022258,122.3966182281,,81.1826382026,,,,,,,,,,,,,,,,-48.1002399607,99.8604345659,,,,,,,,,,,,127.8781789928,,,,,,,,,,,,,,,,-7.0369478249,,,,,,,,,,,13.6539789061,,,,,1.1601310225,,,,,,,,,,,,,,,,,30.9303523703,,,,,,,90.5613022258,92.7167009758,,26.8513800425,,,,-13.023240461,,,,,,,,3964.9935665712,163.7116744417,,,,,,3.7771128729,,,,19.0431546486,,,,,,,,100.0,,,,,,-7.9262551936,,12.7865903367,155.4285451501,14.0937504521,9.1153076227,113.2039618737,3.8043218362,14.0937504521,112.1677860177,37.3432785574,3.7771128729,3964.9935665712,163.7116744417,3.5843269093,,,,,,7.477204693,,,,,0
300434.SZ,300434,金石亚药,10187007,通用,2016-06-30 00:00:00,中报,2016中报,058001001,2016-08-26 00:00:00,2016-08-26 00:00:00,CNY,,13995000.81,15113772.65,,39695712.35,,,,,,,,,0,,,,,,,73371436.1,42977464.17,,,,,,0,,0,,,,1038934.68,,,,,,,,,0,,,,,,19649067.29,,,,,,,,,,,,32237367.71,,,,,50275819.66,,,,0,,,,,,,,,,,,911612.1,70077541.29,,0,,,0,,13995000.81,23418286.15,,8304513.5,,,,191882681.26,,,,,,,,179055.38,4115789.44,0,,,,,372618.74,,,,14679291.27,,,,,,,,136000000,,,,,,104405.15,,19214706.35,6276773.75,450352242.92,354449409.07,60250947.44,389728676.74,450352242.92,60623566.18,95902833.85,372618.74,179055.38,4115789.44,388817064.64,,,,,,160230922.19,,,,9.8857721408,28.9666804082,,12.8247148083,,,,,,,,,,,,,,,,-48.1002399607,146.7283786558,,,,,,,,,,,,33.8680230339,,,,,,,,,,,,,,,,-6.7906705948,,,,,,,,,,,13.77713176,,,,,-11.3221693735,,,,,,,,,,,,,,,,,-74.1410378416,,,,,,,9.8857721408,59.101023634,,176.8171166667,,,,11268.5303593433,,,,,,,,-26.6978026868,195.219604233,,,,,,-12.2662310494,,,,13.7921531262,,,,,,,,100.0,,,,,,-8.7255870474,,12.7865903367,128.5081070405,5.5263457424,-1.1009521467,18.0812652407,3.8396214722,5.5263457424,17.8307478226,40.2653746331,-12.2662310494,-26.6978026868,195.219604233,3.5967308125,,,,,,7.6024434518,,,,,0
300434.SZ,300434,金石亚药,10187007,通用,2016-03-31 00:00:00,一季报,2016一季报,058001001,2016-04-23 00:00:00,2016-04-23 00:00:00,CNY,,8858515.81,10874975.84,,41987412.99,,,,,,,,,0,,,,,,,141371436.1,36764929.09,,,,,,0,,0,,,,900250.39,,,,,,,,,0,,,,,,20151516.59,,,,,,,,,,,,32544406.16,,,,,52648005.86,,,,0,,,,,,,,,,,,,30006368.12,,0,,,0,,8858515.81,14874975.84,,4000000.0,,,,227068731.9,,,,,,,,199801.8,2304426.35,0,,,,,310907.73,,,,21123667.14,,,,,,,,68000000,,,,,,87663.7,,19214706.35,769217.54,438387277.44,348026175.21,51902611.84,386173757.87,438387277.44,52213519.57,90361102.23,310907.73,199801.8,2304426.35,386173757.87,,,,,,157587615.42,,,,-29.2459599379,-18.0203193667,,23.1424756815,,,,,,,,,,,,,,,,1189.210635846,172.6052952404,,,,,,,,,,,,27.1621856253,,,,,,,,,,,,,,,,-5.9030799122,,,,,,,,,,,14.3739913812,,,,,4.6662863176,,,,,,,,,,,,,,,,,-75.320723261,,,,,,,-29.2459599379,-35.7326211393,,-59.5141700405,,,,15652.9158042012,,,,,,,,-2.0289052334,-12.8974289069,,,,,,-35.8411328924,,,,80.8892306691,,,,,,,,33.3333333333,,,,,,-55.6617293573,,12.7865903367,-86.2292107245,59.4942500928,65.1006829876,-1.333874837,74.1309893275,59.4942500928,-1.6488539394,41.0469862881,-35.8411328924,-2.0289052334,-12.8974289069,74.1309893275,,,,,,10.3787289466,,,,,0
300434.SZ,300434,金石亚药,10187007,通用,2015-12-31 00:00:00,年报,2015年报,058001001,2016-04-12 00:00:00,2017-03-24 00:00:00,CNY,,12079294.61,10576776.35,,34224133.52,,,,,,,,,0,,,,,,,141371436.1,27952763.52,,,,,,0,,0,,720000.0,,904588.9,,,,,,,,,0,,,,,,20569838.93,,,,,,,,,,,,32851444.61,,,,,54397031.52,,,,0,,,,,,,,,,,,,202809034.4,,0,,,0,,12079294.61,12858318.35,,2281542.0,,,,67121840.64,,,,,,,,188146.01,1166501.81,0,,,,,351336.26,,,,11797192.64,,,,,,,,68000000,,,,,,66840.52,,19214706.35,1094703.91,432428555.32,350149919.36,47653118.57,383704100.49,432428555.32,48724454.83,82278635.96,1071336.26,188146.01,1166501.81,383704100.49,,,,,,155117958.04,,,,-8.4190173433,-17.3812993642,,-29.8984412259,,,,,,,,,,,,,,,,1189.210635846,293.5112222388,,,,,,,,,,,,-4.1974263847,,,,,,,,,,,,,,,,-6.2036415506,,,,,,,,,,,14.8745632624,,,,,-6.0499982152,,,,,,,,,,,,,,,,,73.5051180568,,,,,,,-8.4190173433,-56.9853991188,,-86.650623135,,,,3869.7613167209,,,,,,,,6.2693826417,-55.7011253097,,,,,,-32.2385854389,,,,-40.0360316418,,,,,,,,33.3333333333,,,,,,-31.1997602098,,12.7865903367,-61.7876282647,50.5378112918,53.1177607787,-26.8557602112,73.161228482,50.5378112918,-25.8018366696,40.4656490791,106.6261548074,6.2693826417,-55.7011253097,73.161228482,,,,,,8.7892872067,,,标准无保留意见,,0
300434.SZ,300434,金石亚药,10187007,通用,2015-09-30 00:00:00,三季报,2015三季报,058001001,2015-10-22 00:00:00,2015-10-22 00:00:00,CNY,,9921267.98,10452376.23,,27846493.82,,,,,,,,,0,,,,,,,141371436.1,24517596.51,,,,,,0,,0,,,,545566.66,,,,,,,,,0,,,,,,20623242.72,,,,,,,,,,,,28151910.71,,,,,49861536.22,,,,0,,,,,,,,,,,,,96027192.01,,0,,,0,,9921267.98,15162376.23,,4710000,,,,163040774.25,,,,,,,,279804.14,3026546.26,0,,,,,376431.43,,,,17709481.24,,,,,,,,68000000,,,,,,107511.3,,17036339.42,1222076.6,418666222.81,344827906.21,39377153.84,378912637.54,418666222.81,39753585.27,73838316.6,376431.43,279804.14,3026546.26,378912637.54,,,,,,152504862.02,,,,,,,,,,,,,,,,,,,,,,,,,,,,,,,,,,,,,,,,,,,,,,,,,,,,,,,,,,,,,,,,,,,,,,,,,,,,,,,,,,,,,,,,,,,,,,,,,,,,,,,,,,,,,,,,,,,,,,,,,,,,,,,,,,,,,,,,,,,,,,,,,,,,,,,,,,,,,0
300434.SZ,300434,金石亚药,10187007,通用,2015-06-30 00:00:00,中报,2015中报,058001001,2015-08-15 00:00:00,2015-08-15 00:00:00,CNY,,12735953.47,11719129.78,,35183525.54,,,,,,,,,0,,,,,,,141371436.1,17418938.35,,,,,,0,,0,,,,776088.76,,,,,,,,,0,,,,,,21080580.04,,,,,,,,,,,,28333784.84,,,,,56694913.83,,,,0,,,,,,,,,,,,,270999048.07,,0,,,0,,12735953.47,14719129.78,,3000000,,,,1687840.69,,,,,763030.0,,,244270.14,1394145.03,0,,,,,424715.3,,,,12900090.97,,,,,,,,68000000,,,,,,114386.0,,17036339.42,2746849.48,426767590.36,358395168.37,51024984.63,375317890.43,426767590.36,51449699.93,68372421.99,424715.3,244270.14,1394145.03,375317890.43,,,,,,148910114.91,,,,,,,,,,,,,,,,,,,,,,,,,,,,,,,,,,,,,,,,,,,,,,,,,,,,,,,,,,,,,,,,,,,,,,,,,,,,,,,,,,,,,,,,,,,,,,,,,,,,,,,,,,,,,,,,,,,,,,,,,,,,,,,,,,,,,,,,,,,,,,,,,,,,,,,,,,,,,0
300434.SZ,300434,金石亚药,10187007,通用,2015-03-31 00:00:00,一季报,2015一季报,058001001,2015-04-23 00:00:00,2015-04-23 00:00:00,CNY,0.0,12520155.46,13265452.8,,34096612.69,,,,,,,,,0,0.0,,,,,,10965736.1,13486505.85,,,,,,0,0.0,0,0.0,,,707954.48,,,,,,,0.0,,0,0.0,,,,,21415702.63,,,,,,,,,,,,28454376.53,,,,,50300825.33,0.0,,,0,,,0.0,,,,,,,,0.0,,121585281.6,,0,0.0,,0,0.0,12520155.46,23145452.8,,9880000,,0.0,,1441439.38,,,0.0,0.0,,,,203939.54,2645646.76,0,0.0,,,,484590.43,,,,11677680.9,,0.0,,,,,,51000000,,,,,,197715.65,,17036339.42,5585863.85,274860866.26,210796326.77,52604287.19,221771988.64,274860866.26,53088877.62,64064539.49,484590.43,203939.54,2645646.76,221771988.64,,,,,,142769913.12,,,,-14.1817468805,7.2360442555,,-43.7988771641,,,,,,,,,,,,,,,,0.0,,,,,,,,,,,,,3.6867703636,,,,,,,-100.0,,,,,,,,,1.1118347713,,,,,,,,,,,56.6670112535,,,,,-15.4206720806,,,,,,,,,,,,,,,,,-0.7436727401,,,,,,,-14.1817468805,-40.2362239056,,-62.5159819257,,,,,,,,,,,,18.9033210739,-27.2441853653,,,,,,-31.4560157113,,,,-44.1030710364,,,,,,,,0.0,,,,,,10.7762345348,,19.2457582518,413.1453949319,-3.9231445584,-14.0392917592,-39.4633694292,11.734748194,-3.9231445584,-39.3987485965,56.7891144194,-31.4560157113,-98.0336575851,-27.2441853653,11.734748194,,,,,,16.8059508227,,,,,0
300434.SZ,300434,金石亚药,10187007,通用,2014-12-31 00:00:00,年报,2014年报,058001001,2015-04-03 00:00:00,2016-04-12 00:00:00,CNY,0.0,13189741.21,12801915.63,,48820788.18,,,,,,,,,0,0.0,,,,,,10965736.1,7103422.2,,,,,,0,0.0,0,0.0,,,944221.92,,,,,,,,,0,,,,,,21930317.2,,,,,,,,,,,,28597666.6,,,,,57899979.23,,,,0,,,0.0,,,,,,,,,,116889367.11,,0,0.0,,0,0.0,13189741.21,29892915.63,,17091000,,,,1690828.12,,,,,,,,177046.3,2633253.82,0,0.0,,,,518490.15,,,,19673802.39,,,,,,,,51000000,,,,,,97151.58,,17036339.42,2864789.23,287255774.22,228680146.3,65149516.5,221587767.57,287255774.22,65668006.65,58575627.92,518490.15,177046.3,2633253.82,221587767.57,,,,,,142585692.05,,,,2.7231624585,12.225844796,,-19.3504271557,,,,,,,,,,,,,,,,0.0,,,,,,,,,,,,,16.1728344906,,,,,,,,,,,,,,,,1.4833808353,,,,,,,,,,,57.9599495065,,,,,-15.1286045949,,,,,,,,,,,,,,,,,-3.2604561636,,,,,,,2.7231624585,30.6635366991,,48.9996076893,,,,,,,,,,,,-60.5839872046,40.6393437936,,,,,,-27.5613446915,,,,-14.3315439736,,,,,,,,0.0,,,,,,-80.5535520046,,19.2457582518,-15.8900227967,3.2822810326,-3.4146982387,-16.184109294,10.9704428976,3.2822810326,-16.2879197682,41.6173060335,-27.5613446915,-60.5839872046,40.6393437936,10.9704428976,,,,,,15.520125988,,,标准无保留意见,,0
300434.SZ,300434,金石亚药,10187007,通用,2014-03-31 00:00:00,一季报,2014一季报,058001001,2014-06-23 00:00:00,2014-06-23 00:00:00,CNY,0,14589152.08,12370330.23,,60668917.22,,,,,,,,,0,0,,,,,,10965736.1,,,,,,,0,0,0,0,,,682781.88,,,,,,,10200000.0,,0,,,,,,21180213.65,,,,,,,,,,,,18162328.05,,,,,59471772.32,,,,0,,,0,,,,,,,,,,122496252.84,,0,0,,0,0,14589152.08,38728230.23,,26357900,,,,,,,,,835000,,,171517.11,3636337.21,0,0,,,,706977.33,,,,20891453.46,,,,,,,,51000000,,,,,,178482.01,,14286746.69,1088553.83,286084369.64,245224046.06,86896622.25,198480770.06,286084369.64,87603599.58,40860323.58,706977.33,10371517.11,3636337.21,198480770.06,,,,,,122228287.27,,,,,,,,,,,,,,,,,,,,,,,,,,,,,,,,,,,,,,,,,,,,,,,,,,,,,,,,,,,,,,,,,,,,,,,,,,,,,,,,,,,,,,,,,,,,,,,,,,,,,,,,,,,,,,,,,,,,,,,,,,,,,,,,,,,,,,,,,,,,,,,,,,,,,,,,,,,,,0
300434.SZ,300434,金石亚药,10187007,通用,2013-12-31 00:00:00,年报,2013年报,058001001,2014-06-23 00:00:00,2015-04-03 00:00:00,CNY,0,12840084.84,11407279.36,,60534465.91,,,,,,,,,0,0,,,,,,10965736.1,,,,,,,0,0,0,0,,,812773.42,,,,,,,,,0,,,,,,21609762.13,,,,,,,,,,,,18104378.16,,,,,68220840.43,,,,0,,,0,,,,,,,,,,120828941.79,,0,0,,0,0,12840084.84,22877779.36,,11470500,,,,,,,,,835000,,,449173.54,1872345.07,0,0,,,,715764.46,,,,22965048.4,,,,,,,,51000000,,,,,,499585.22,,14286746.69,3406004.05,278126868.76,236764955.05,77729313.56,199681790.74,278126868.76,78445078.02,41361913.71,715764.46,449173.54,1872345.07,199681790.74,,,,,,123429307.95,,,,-29.9131684425,20.6733125817,,-40.0242656383,,,,,,,,,,,,,,,,0.0,,,,,,,,,,,,,-9.5242791767,,,,,,,,,,,,,,,,0.8915897734,,,,,,,,,,,-2.1838458521,,,,,-27.8655975376,,,,,,,,,,,,,,,,,26.0888581273,,,,,,,-29.9131684425,-6.9529657355,,-24.2085960614,,,,,,,,,,,,546.7626270131,33.9469637305,,,,,,-9.6876136531,,,,-21.6069297659,,,,,,,,0.0,,,,,,-68.1250294809,,43.4072836085,47.0398356257,-2.9254832626,-3.629870176,-36.910589236,22.8727240627,-2.9254832626,-36.7365908184,1.3134108445,-9.6876136531,546.7626270131,33.9469637305,22.8727240627,,,,,,36.2610280669,,,标准无保留意见,,0
300434.SZ,300434,金石亚药,10187007,通用,2012-12-31 00:00:00,年报,2012年报,058001001,2014-06-23 00:00:00,2015-04-03 00:00:00,CNY,0,18320252.97,9453025.79,,100931596.01,,,,,,,,,0,0,,,,,,10965736.1,,,,,,,0,0,0,0,,,898333.18,,,,,,,,,0,,,,,,21418794.35,,,,,,,,,,,,18508576.95,,,,,94574624.73,,,,0,,,0,,,,,,,,,,95828405.13,,0,0,,0,0,18320252.97,24587327.84,,15134302.05,,,,,,,,,,,,69449.52,1397825.69,0,0,,,,792542.96,,,,29294742.93,,,,,,,,51000000,,,,,,1567327.63,,9962357.79,2316381.84,286508630.8,245682926.32,123205007.97,162511079.87,286508630.8,123997550.93,40825704.48,792542.96,69449.52,1397825.69,162511079.87,,,,,,90582985.98,,,,53.0597903465,28.9610335812,,-24.8055979251,,,,,,,,,,,,,,,,0,,,,,,,,,,,,,242.1262772182,,,,,,,,,,,,,,,,73.2483067711,,,,,,,,,,,-2.4648283539,,,,,-14.8708659214,,,,,,,,,,,,,,,,,19.6274926257,,,,,,,53.0597903465,14.9792627515,,7.6867941511,,,,,,,,,,,,-86.6403537205,-19.1874823584,,,,,,14.195079492,,,,-16.3082781228,,,,,,,,0,,,,,,1456.1127255867,,127.4333756975,-83.9445998571,1.746702917,-1.4580726008,-29.695516985,53.8185163461,1.746702917,-29.5223819278,26.5053382169,14.195079492,-86.6403537205,-19.1874823584,53.8185163461,,,,,,130.4611265575,,,标准无保留意见,,0
300434.SZ,300434,金石亚药,10187007,通用,2011-12-31 00:00:00,年报,2011年报,058001001,2014-06-23 00:00:00,2014-06-23 00:00:00,CNY,0,11969344.09,7330141.15,,134227539.85,,,,,,,,,0,0,,,,,,10965736.1,634297,,,,,,0,0,0,0,,,262573.57,,,,,,,,,0,,,,,,12363061.29,,,,,,,,,,,,18976310.43,,,,,111095485.41,,,,0,,,0,,,,,,35680.03,,,,80105670.55,,0,0,,0,0,11969344.09,21384141.15,,14054000,,,,,,,,,,,,519845.5,1729714.32,0,0,,,,694025.49,,,,35003154.76,,,,,,,,51000000,,,14000000,,,100720.7,,4380341.17,14427431.39,281590088.51,249318166.19,175244881.53,105651181.49,281590088.51,175938907.02,32271922.32,694025.49,519845.5,1729714.32,105651181.49,,,,,,39305104.22,,,,,,,,,,,,,,,,,,,,,,,,,,,,,,,,,,,,,,,,,,,,,,,,,,,,,,,,,,,,,,,,,,,,,,,,,,,,,,,,,,,,,,,,,,,,,,,,,,,,,,,,,,,,,,,,,,,,,,,,,,,,,,,,,,,,,,,,,,,,,,,,,,,,,,,,,,,,,0
