SECUCODE,SECURITY_CODE,SECURITY_NAME_ABBR,ORG_CODE,ORG_TYPE,REPORT_DATE,REPORT_TYPE,REPORT_DATE_NAME,SECURITY_TYPE_CODE,NOTICE_DATE,UPDATE_DATE,CURRENCY,TOTAL_OPERATE_INCOME,TOTAL_OPERATE_INCOME_YOY,OPERATE_INCOME,OPERATE_INCOME_YOY,INTEREST_INCOME,INTEREST_INCOME_YOY,EARNED_PREMIUM,EARNED_PREMIUM_YOY,FEE_COMMISSION_INCOME,FEE_COMMISSION_INCOME_YOY,OTHER_BUSINESS_INCOME,OTHER_BUSINESS_INCOME_YOY,TOI_OTHER,TOI_OTHER_YOY,TOTAL_OPERATE_COST,TOTAL_OPERATE_COST_YOY,OPERATE_COST,OPERATE_COST_YOY,INTEREST_EXPENSE,INTEREST_EXPENSE_YOY,FEE_COMMISSION_EXPENSE,FEE_COMMISSION_EXPENSE_YOY,RESEARCH_EXPENSE,RESEARCH_EXPENSE_YOY,SURRENDER_VALUE,SURRENDER_VALUE_YOY,NET_COMPENSATE_EXPENSE,NET_COMPENSATE_EXPENSE_YOY,NET_CONTRACT_RESERVE,NET_CONTRACT_RESERVE_YOY,POLICY_BONUS_EXPENSE,POLICY_BONUS_EXPENSE_YOY,REINSURE_EXPENSE,REINSURE_EXPENSE_YOY,OTHER_BUSINESS_COST,OTHER_BUSINESS_COST_YOY,OPERATE_TAX_ADD,OPERATE_TAX_ADD_YOY,SALE_EXPENSE,SALE_EXPENSE_YOY,MANAGE_EXPENSE,MANAGE_EXPENSE_YOY,ME_RESEARCH_EXPENSE,ME_RESEARCH_EXPENSE_YOY,FINANCE_EXPENSE,FINANCE_EXPENSE_YOY,FE_INTEREST_EXPENSE,FE_INTEREST_EXPENSE_YOY,FE_INTEREST_INCOME,FE_INTEREST_INCOME_YOY,ASSET_IMPAIRMENT_LOSS,ASSET_IMPAIRMENT_LOSS_YOY,CREDIT_IMPAIRMENT_LOSS,CREDIT_IMPAIRMENT_LOSS_YOY,TOC_OTHER,TOC_OTHER_YOY,FAIRVALUE_CHANGE_INCOME,FAIRVALUE_CHANGE_INCOME_YOY,INVEST_INCOME,INVEST_INCOME_YOY,INVEST_JOINT_INCOME,INVEST_JOINT_INCOME_YOY,NET_EXPOSURE_INCOME,NET_EXPOSURE_INCOME_YOY,EXCHANGE_INCOME,EXCHANGE_INCOME_YOY,ASSET_DISPOSAL_INCOME,ASSET_DISPOSAL_INCOME_YOY,ASSET_IMPAIRMENT_INCOME,ASSET_IMPAIRMENT_INCOME_YOY,CREDIT_IMPAIRMENT_INCOME,CREDIT_IMPAIRMENT_INCOME_YOY,OTHER_INCOME,OTHER_INCOME_YOY,OPERATE_PROFIT_OTHER,OPERATE_PROFIT_OTHER_YOY,OPERATE_PROFIT_BALANCE,OPERATE_PROFIT_BALANCE_YOY,OPERATE_PROFIT,OPERATE_PROFIT_YOY,NONBUSINESS_INCOME,NONBUSINESS_INCOME_YOY,NONCURRENT_DISPOSAL_INCOME,NONCURRENT_DISPOSAL_INCOME_YOY,NONBUSINESS_EXPENSE,NONBUSINESS_EXPENSE_YOY,NONCURRENT_DISPOSAL_LOSS,NONCURRENT_DISPOSAL_LOSS_YOY,EFFECT_TP_OTHER,EFFECT_TP_OTHER_YOY,TOTAL_PROFIT_BALANCE,TOTAL_PROFIT_BALANCE_YOY,TOTAL_PROFIT,TOTAL_PROFIT_YOY,INCOME_TAX,INCOME_TAX_YOY,EFFECT_NETPROFIT_OTHER,EFFECT_NETPROFIT_OTHER_YOY,EFFECT_NETPROFIT_BALANCE,EFFECT_NETPROFIT_BALANCE_YOY,UNCONFIRM_INVEST_LOSS,UNCONFIRM_INVEST_LOSS_YOY,NETPROFIT,NETPROFIT_YOY,PRECOMBINE_PROFIT,PRECOMBINE_PROFIT_YOY,CONTINUED_NETPROFIT,CONTINUED_NETPROFIT_YOY,DISCONTINUED_NETPROFIT,DISCONTINUED_NETPROFIT_YOY,PARENT_NETPROFIT,PARENT_NETPROFIT_YOY,MINORITY_INTEREST,MINORITY_INTEREST_YOY,DEDUCT_PARENT_NETPROFIT,DEDUCT_PARENT_NETPROFIT_YOY,NETPROFIT_OTHER,NETPROFIT_OTHER_YOY,NETPROFIT_BALANCE,NETPROFIT_BALANCE_YOY,BASIC_EPS,BASIC_EPS_YOY,DILUTED_EPS,DILUTED_EPS_YOY,OTHER_COMPRE_INCOME,OTHER_COMPRE_INCOME_YOY,PARENT_OCI,PARENT_OCI_YOY,MINORITY_OCI,MINORITY_OCI_YOY,PARENT_OCI_OTHER,PARENT_OCI_OTHER_YOY,PARENT_OCI_BALANCE,PARENT_OCI_BALANCE_YOY,UNABLE_OCI,UNABLE_OCI_YOY,CREDITRISK_FAIRVALUE_CHANGE,CREDITRISK_FAIRVALUE_CHANGE_YOY,OTHERRIGHT_FAIRVALUE_CHANGE,OTHERRIGHT_FAIRVALUE_CHANGE_YOY,SETUP_PROFIT_CHANGE,SETUP_PROFIT_CHANGE_YOY,RIGHTLAW_UNABLE_OCI,RIGHTLAW_UNABLE_OCI_YOY,UNABLE_OCI_OTHER,UNABLE_OCI_OTHER_YOY,UNABLE_OCI_BALANCE,UNABLE_OCI_BALANCE_YOY,ABLE_OCI,ABLE_OCI_YOY,RIGHTLAW_ABLE_OCI,RIGHTLAW_ABLE_OCI_YOY,AFA_FAIRVALUE_CHANGE,AFA_FAIRVALUE_CHANGE_YOY,HMI_AFA,HMI_AFA_YOY,CASHFLOW_HEDGE_VALID,CASHFLOW_HEDGE_VALID_YOY,CREDITOR_FAIRVALUE_CHANGE,CREDITOR_FAIRVALUE_CHANGE_YOY,CREDITOR_IMPAIRMENT_RESERVE,CREDITOR_IMPAIRMENT_RESERVE_YOY,FINANCE_OCI_AMT,FINANCE_OCI_AMT_YOY,CONVERT_DIFF,CONVERT_DIFF_YOY,ABLE_OCI_OTHER,ABLE_OCI_OTHER_YOY,ABLE_OCI_BALANCE,ABLE_OCI_BALANCE_YOY,OCI_OTHER,OCI_OTHER_YOY,OCI_BALANCE,OCI_BALANCE_YOY,TOTAL_COMPRE_INCOME,TOTAL_COMPRE_INCOME_YOY,PARENT_TCI,PARENT_TCI_YOY,MINORITY_TCI,MINORITY_TCI_YOY,PRECOMBINE_TCI,PRECOMBINE_TCI_YOY,EFFECT_TCI_BALANCE,EFFECT_TCI_BALANCE_YOY,TCI_OTHER,TCI_OTHER_YOY,TCI_BALANCE,TCI_BALANCE_YOY,ACF_END_INCOME,ACF_END_INCOME_YOY,OPINION_TYPE
300398.SZ,300398,飞凯材料,10181825,通用,2023-03-31 00:00:00,一季报,2023一季报,058001001,2023-04-27 00:00:00,2023-04-27 00:00:00,CNY,601689777.17,-30.4724392751,601689777.17,-30.4724392751,,,,,,,,,,,524768590.07,-24.2405613032,367599154.39,-27.4726041731,,,,,41918118.01,-17.4820652086,,,,,,,,,,,,,6500307.34,2.2062928964,29415426.82,-37.9952419304,62055176.48,-4.7943029985,,,17280407.03,7.6243623543,17930370.99,-2.3161944076,3928832.56,117.8687034301,,,,,,,-13046601.47,10.9769133383,14877873.5,5346.0530330304,-624.51,,,,,,85418.41,554.9853839483,-585115.77,-50.6342765275,-354739.38,78.3882736617,4760941.09,29.2820213874,,,0,,82658963.48,-48.3290596817,1007321.66,3757.4658529898,,,39582.17,-78.9592154886,,,,,0,,83626702.97,-47.6711213003,7504743.3,-62.1390730338,,,,,,,76121959.67,-45.6225037097,,,76121959.67,-45.6225037097,,,72372691.16,-47.8446245244,3749268.51,206.2242219162,66346046.98,-55.1759601375,,,,,0.14,-48.1481481481,0.14,-48.1481481481,-14549139.08,-696.60373988,-14516320.08,-703.907213033,-32819.0,-58.7361470439,,,,,-12002873.16,,,,-12002873.16,,,,,,,,,,-2513446.92,-39.1935488766,,,,,,,,,,,,,,,-2513446.92,-39.1935488766,,,,,,,,,61572820.59,-55.4341967068,57856371.08,-57.7560928626,3716449.51,208.7575754532,,,,,,,,,,,
300398.SZ,300398,飞凯材料,10181825,通用,2022-12-31 00:00:00,年报,2022年报,058001001,2023-03-31 00:00:00,2023-03-31 00:00:00,CNY,2906805535.01,10.6467473295,2906805535.01,10.6467473295,,,,,,,,,,,2411576928.35,9.5653991158,1764284234.62,11.7725815413,,,,,183693467.79,-4.6951983774,,,,,,,,,,,,,23516472.09,0.7074941001,149928969.02,17.30705465,245839065.75,17.3936219368,,,44314719.08,-36.0188777868,59058636.2,-11.3688415112,10638455.68,-11.086913806,,,,,,,-26780111.6,-63.8665557371,11407367.18,-85.2241216588,1586.21,100.1159344256,,,,,129472.37,112.3284899388,-2018738.87,90.772751424,-2208107.7,73.2554569094,19237929.88,-14.6731749855,,,0,,494996417.92,3.4935406334,58321.21,-61.641021209,,,1944210.02,-51.6938239051,,,,,0,,493110529.11,3.9408563387,49572958.17,-32.5082230018,,,,,,,443537570.94,10.6177578994,,,443537570.94,10.6177578994,,,434571908.78,12.6224523564,8965662.16,-40.6169958914,433417908.42,35.2011715665,,,,,0.84,12.0,0.84,12.0,6818433.08,124.5556910924,6728871.15,129.1318901442,89561.93,101.918116099,,,,,-4127824.55,79.8794610432,,,-4127824.55,79.8794610432,,,,,,,,,10856695.7,520.3982344251,,,,,,,,,,,,,,,10856695.7,520.3982344251,,,,,,,,,450356004.02,20.6751581974,441300779.93,21.648148954,9055224.09,-13.170670369,,,,,,,,,,,标准无保留意见
300398.SZ,300398,飞凯材料,10181825,通用,2022-09-30 00:00:00,三季报,2022三季报,058001001,2022-10-26 00:00:00,2022-10-26 00:00:00,CNY,2239808303.26,18.7059784728,2239808303.26,18.7059784728,,,,,,,,,,,1845123575.04,15.9285849801,1358429300.01,19.0085951928,,,,,151961188.36,13.0872966067,,,,,,,,,,,,,16928715.08,-2.3235910709,123585042.8,22.044855458,166027342.28,16.1745223176,,,28191986.51,-48.0507465169,49489018.22,-16.7895896984,6475640.28,-12.3631800211,,,,,,,-40674958.54,-28.7255537,9900253.19,-81.3902509661,,,,,,,11814.86,433.7733683916,-1314901.13,-3.4798360438,-1517587.09,63.3765596732,12215212.04,-35.8854095907,,,0,,373304561.55,12.9544616074,43602.6,-88.1358831646,,,932520.14,-53.2897236912,,,,,0,,372415644.01,13.2436311499,44257671.02,-1.1443566139,,,,,,,328157972.99,15.5110285248,,,328157972.99,15.5110285248,,,320836496.64,18.6097334277,7321476.35,-46.1447004471,344021453.5,48.1341694047,,,,,0.62,16.9811320755,0.62,29.1666666667,19009492.81,-1.5462429553,18870558.29,-14.0811705395,138934.52,105.2325494663,,,,,7735953.49,-65.3375370174,,,7735953.49,-65.3375370174,,,,,,,,,11134604.8,3239.0087253444,,,,,,,,,,,,,,,11134604.8,3239.0087253444,,,,,,,,,347167465.8,14.4255238758,339707054.93,16.1547103045,7460410.87,-31.8031304736,,,,,,,,,,,
300398.SZ,300398,飞凯材料,10181825,通用,2022-06-30 00:00:00,中报,2022中报,058001001,2022-08-26 00:00:00,2022-08-26 00:00:00,CNY,1644523048.18,36.7529991,1644523048.18,36.7529991,,,,,,,,,,,1329664864.71,31.2895312709,982153621.41,35.615542636,,,,,107690894.02,27.5130919928,,,,,,,,,,,,,12145515.74,16.4938888673,86033531.23,39.6785058873,120671980.36,29.9324257029,,,20969321.95,-46.5155453057,31544687.57,-25.0192791022,3905927.6,-27.1177333373,,,,,,,-25763926.8,-13.7979698592,636983.21,-97.5163636452,,,,,,,-18773.88,-948.1689300914,-880255.01,-16.479046819,-1079376.54,35.6612965849,7689938.11,-50.7327271658,,,0,,295442772.56,43.4456000627,36836.2,-87.8646158914,,,667605.57,106.2633493848,,,,,0,,294812003.19,43.1533305309,35887884.33,27.2875301288,,,,,,,258924118.86,45.6699729696,,,258924118.86,45.6699729696,,,253039091.36,50.5725074883,5885027.5,-39.3030418381,272691810.05,81.4981241213,,,,,0.49,48.4848484848,0.48,60.0,11653497.89,-37.5528612299,11642438.47,-45.3831719681,11059.42,100.4165196829,,,,,6367964.51,-71.4670810279,,,6367964.51,-71.4670810279,,,,,,,,,5274473.96,626.7209214363,,,,,,,,,,,,,,,5274473.96,626.7209214363,,,,,,,,,270577616.75,37.7627119419,264681529.83,39.7710640113,5896086.92,-16.2553809279,,,,,,,,,,,
300398.SZ,300398,飞凯材料,10181825,通用,2022-03-31 00:00:00,一季报,2022一季报,058001001,2022-04-27 00:00:00,2023-04-27 00:00:00,CNY,865397506.97,53.7340124609,865397506.97,53.7340124609,,,,,,,,,,,692677505.4,42.8610466151,506841794.33,48.7955321245,,,,,50798796.79,23.3741303164,,,,,,,,,,,,,6359987.39,26.3521583165,47440596.07,65.5447033514,65180108.37,33.0633391281,,,16056222.45,-21.2220202491,18355520.53,-18.9697982158,1803302.86,-41.4950450505,,,,,,,-14655301.18,-36.6820957359,273186.35,-97.7309657835,,,,,,,-18773.88,-10424.3950725913,-388434.68,-2.7986225897,-1641420.84,-277.5306474104,3682601.06,-32.7419736474,,,0,,159971858.4,90.3562188964,26113.56,-5.7264034057,,,188121.17,4037.2499730592,,,,,0,,159809850.79,90.1110641282,19821868.88,74.5971532485,,,,,,,139987981.91,92.5334547919,,,139987981.91,92.5334547919,,,138763627.91,103.4323090085,1224354.0,-72.7751280128,148014429.72,139.7513903577,,,,,0.27,107.6923076923,0.27,107.6923076923,-1826396.03,-527.2538861146,-1805720.84,-522.4172816057,-20675.19,,,,,,,,,,,,,,,,,,,,-1805720.84,-522.4172816057,,,,,,,,,,,,,,,-1805720.84,-522.4172816057,,,,,,,,,138161585.88,88.9108477925,136957907.07,99.5345947483,1203678.81,-73.2348638417,,,,,,,,,,,
300398.SZ,300398,飞凯材料,10181825,通用,2021-12-31 00:00:00,年报,2021年报,058001001,2022-03-31 00:00:00,2023-03-31 00:00:00,CNY,2627104370.59,40.9382850684,2627104370.59,40.9382850684,,,,,,,,,,,2201038783.97,34.4627132174,1578458876.31,39.9196442756,,,,,192743140.6,41.3134161701,,,,,,,,,,,,,23351263.28,29.2730001894,127808996.2,33.2230166655,209414329.07,18.056366136,,,69262178.51,-14.5090311445,66634169.3,-12.7889818021,11965005.53,52.8649453154,,,,,,,-16342634.09,-152.9885137275,77202633.35,33366.6723844173,-1368195.85,-71.9590377801,,,,,-1050188.39,-51.7765824585,-21878015.46,-435.6623995377,-8256292.48,-114.1514069957,22546168.66,-14.6286834949,,,0,,478287258.21,73.3257125156,152040.57,-85.3571822886,,,4024764.9,93.6281038384,,,,,0,,474414533.88,72.5728549918,73450367.4,105.6049380892,,,,,,,400964166.48,67.6392260974,,,400964166.48,67.6392260974,,,385866139.2,67.8898975405,15098027.28,61.4774126824,320572598.15,76.4720587613,,,,,0.75,66.6666666667,0.75,66.6666666667,-27767221.27,-392.0321998035,-23097955.94,-309.2933160871,-4669265.33,,,,,,-20515477.04,,,,-20515477.04,,,,,,,,,,-2582478.9,54.238749288,,,,,,,,,,,,,,,-2582478.9,54.238749288,,,,,,,,,373196945.21,59.8004157082,362768183.26,61.8132074444,10428761.95,11.5383795469,,,,,,,,,,,标准无保留意见
300398.SZ,300398,飞凯材料,10181825,通用,2021-09-30 00:00:00,三季报,2021三季报,058001001,2021-10-29 00:00:00,2022-10-26 00:00:00,CNY,1886853831.69,40.3374364862,1886853831.69,40.3374364862,,,,,,,,,,,1591603637.15,34.886767701,1141454781.32,42.0838778259,,,,,134375118.09,28.5335147769,,,,,,,,,,,,,17331426.56,34.2015302268,101261984.65,15.7459566269,142912007.7,29.038310769,,,54268318.83,-10.8765649712,59474551.37,-3.2900961531,7389177.61,13.9024510107,,,,,,,-31598200.49,-191.4401693506,53199283.73,9401.9890020498,,,,,,,2213.46,100.2576873687,-1270683.43,17.3053676532,-4143758.96,-182.8183328702,19052156.4,38.1687749118,,,0,,330491205.25,57.6762790113,367516.61,557.0321972345,,,1996391.83,13.2733987279,,,,,0,,328862330.03,58.1870664989,44769999.47,61.3993223427,,,,,,,284092330.56,57.6924746336,,,284092330.56,57.6924746336,,,270497612.1,59.3421014423,13594718.46,30.7575812175,232236394.13,79.2000466977,,,,,0.53,60.6060606061,0.48,45.4545454545,19308042.05,1171.5566079569,21963239.5,1318.9146034289,-2655197.45,,,,,,22317956.73,,,,22317956.73,,,,,,,,,,-354717.23,80.3139235569,,,,,,,,,,,,,,,-354717.23,80.3139235569,,,,,,,,,303400372.61,70.111285922,292460851.6,74.1282373831,10939521.01,5.219193112,,,,,,,,,,,
300398.SZ,300398,飞凯材料,10181825,通用,2021-06-30 00:00:00,中报,2021中报,058001001,2021-08-10 00:00:00,2022-08-26 00:00:00,CNY,1202549895.8,45.0148956312,1202549895.8,45.0148956312,,,,,,,,,,,1012772954.43,38.4917731101,724219069.82,46.2554542567,,,,,84454774.28,27.9928703481,,,,,,,,,,,,,10425882.3,22.6370765962,61593965.86,16.4890361607,92872875.81,34.8835090624,,,39206386.36,-1.7347859322,42070397.82,1.5962444017,5359229.04,17.9464732349,,,,,,,-22640058.37,-179.8127949258,25647201.08,4480.877889867,,,,,,,2213.46,100.413274802,-755719.62,41.8559272369,-1677647.33,-137.7728863305,15608613.32,60.7442106014,,,0,,205961543.91,53.6249494182,303543.75,832.4724591637,,,323666.6,-68.7470341259,,,,,0,,205941421.06,54.7678986032,28194344.17,71.029692562,,,,,,,177747076.89,52.4683835098,,,177747076.89,52.4683835098,,,168051323.3,52.250457904,9695753.59,56.3472082048,150244974.36,91.8849257057,,,,,0.33,50.0,0.3,36.3636363636,18661380.04,494.8286072022,21316577.49,579.462615922,-2655197.45,,,,,,22317956.73,,,,22317956.73,,,,,,,,,,-1001379.24,-131.9188086483,,,,,,,,,,,,,,,-1001379.24,-131.9188086483,,,,,,,,,196408456.93,64.0607610743,189367900.79,66.8212195642,7040556.14,13.5312780466,,,,,,,,,,,
300398.SZ,300398,飞凯材料,10181825,通用,2021-03-31 00:00:00,一季报,2021一季报,058001001,2021-04-29 00:00:00,2022-04-27 00:00:00,CNY,562918701.67,52.8903206147,562918701.67,52.8903206147,,,,,,,,,,,484861004.32,57.2749248366,340629713.2,54.6797250425,,,,,41174593.62,83.2016846086,,,,,,,,,,,,,5033540.76,65.5044010498,28657272.09,53.7144911814,48984272.3,70.9269963914,,,20381612.35,33.6048047955,22652690.14,25.0217090559,3082307.92,46.2321571359,,,,,,,-10722180.62,-4202.1617978801,12039763.35,,,,,,,,181.84,,-377859.81,-2741.0106171416,-434778.17,45.2806591198,5475333.22,145.9565163395,,,0,,84038157.16,37.6210724803,27699.76,-84.4685144061,,,4547.01,-98.1183605316,,,,,0,,84061309.91,37.8018459222,11352916.42,72.2251370265,,,,,,,72708393.49,33.6313556133,,,72708393.49,33.6313556133,,,68211204.3,30.217818452,4497189.19,121.8324098581,61736630.39,21.6995214345,,,,,0.13,30.0,0.13,30.0,427473.24,-77.7499639254,427473.24,-77.7499639254,,,,,,,,,,,,,,,,,,,,,427473.24,-77.7499639254,,,,,,,,,,,,,,,427473.24,-77.7499639254,,,,,,,,,73135866.73,29.8325782526,68638677.54,26.3979917432,4497189.19,121.8324098581,,,,,,,,,,,
300398.SZ,300398,飞凯材料,10181825,通用,2020-12-31 00:00:00,年报,2020年报,058001001,2021-03-18 00:00:00,2022-03-31 00:00:00,CNY,1864010456.29,23.1745788003,1864010456.29,23.1745788003,,,,,,,,,,,1636913856.12,24.9763662929,1128118131.29,29.5819169198,,,,,136394084.74,12.1264992836,,,,,,,,,,,,,18063526.99,16.5569844294,95936122.3,-10.2708801528,177385037.27,12.3021939684,,,81016953.53,117.8795101667,76405677.49,117.1995383737,7827174.18,96.4735970513,,,,,,,30841842.77,-56.5149313941,230685.12,-84.5283592643,-795652.19,,,,,,-691930.45,49.9849835058,-4084291.8,-99.8387273817,-3855352.9,-132.1212089941,26409536.11,-24.3621260053,,,0,,275947089.02,-9.7542009623,1038328.64,-42.0087580836,,,2078605.75,-44.5926002004,,,,,0,,274906811.91,-9.5141031485,35724028.85,-14.0706913465,,,,,,,239182783.06,-8.7917273111,,,239182783.06,-8.7917273111,,,229832851.68,-9.9176807149,9349931.38,31.6601776029,181656291.88,8.2481892148,,,,,0.45,-10.0,0.45,-10.0,-5643374.82,-287.1991586648,-5643374.82,-300.4451184418,,,,,,,,,,,,,,,,,,,,,-5643374.82,-340.0837968257,,,,,,,,,,,,,,,-5643374.82,-340.0837968257,,,,,,,,,233539408.24,-11.9558699851,224189476.86,-13.0886486115,9349931.38,28.0675832855,,,,,,,,,,,标准无保留意见
300398.SZ,300398,飞凯材料,10181825,通用,2020-09-30 00:00:00,三季报,2020三季报,058001001,2020-10-29 00:00:00,2021-10-29 00:00:00,CNY,1344512112.33,20.9504383228,1344512112.33,20.9504383228,,,,,,,,,,,1179955353.87,27.5544020671,803366855.4,25.8007474882,,,,,104544809.44,26.5651071586,,,,,,,,,,,,,12914477.6,15.9647022391,87486412.14,15.1632953634,110751610.78,20.0372635248,,,60891188.51,148.6565364065,61497891.12,123.1198565184,6487285.87,148.9527405022,,,,,,,34556148.26,,559875.24,-64.0,,,,,,,-858971.09,-863.8900743862,-1536597.23,-190.1413713269,-1465166.32,,13789046.34,-52.5114320198,,,0,,209601093.66,-4.2789544043,55935.86,-92.1945639305,,,1762454.25,54.1247516986,,,,,0,,207894575.27,-4.8728341272,27738653.93,-1.8654937972,,,,,,,180155921.34,-5.3195772407,,,180155921.34,-5.3195772407,,,169759033.96,-8.054133327,10396887.38,84.0621210953,129596168.31,-19.008869055,,,,,0.33,-8.3333333333,0.33,-8.3333333333,-1801868.6,-205.140650492,-1801868.6,-205.140650492,,,,,,,,,,,,,,,,,,,,,-1801868.6,-205.140650492,,,,,,,,,,,,,,,-1801868.6,-205.140650492,,,,,,,,,178354052.74,-7.1032342975,167957165.36,-9.8667086634,10396887.38,84.0621210953,,,,,,,,,,,
300398.SZ,300398,飞凯材料,10181825,通用,2020-06-30 00:00:00,中报,2020中报,058001001,2020-08-20 00:00:00,2021-08-10 00:00:00,CNY,829259567.14,11.1124879471,829259567.14,11.1124879471,,,,,,,,,,,731287448.84,18.7403020382,495174059.32,16.3969561367,,,,,65983967.74,19.4587029799,,,,,,,,,,,,,8501411.31,-2.5034661145,52875333.07,15.3486505203,68854136.77,13.8692647011,,,39898540.63,97.6141530724,41409402.55,98.1178769833,4543780.66,140.6137754266,,,,,,,28366452.26,,559875.24,-64.0,,,,,,,-535590.36,-231.7326171305,-1299736.3,-182.7251572589,-705567.13,,9710218.03,6.6629431846,,,0,,134067770.04,-6.3050452823,32552.57,-94.3806532552,,,1035634.83,61.725738301,,,,,0,,133064687.78,-6.9663554508,16485058.09,-5.4615443015,,,,,,,116579629.69,-7.1752874308,,,116579629.69,-7.1752874308,,,110378205.5,-9.8690482337,6201424.19,98.3254060193,78299519.26,-30.6479238812,,,,,0.22,-8.3333333333,0.22,-8.3333333333,3137270.1,1004.6119385981,3137270.1,1004.6119385981,,,,,,,,,,,,,,,,,,,,,3137270.1,1004.6119385981,,,,,,,,,,,,,,,3137270.1,1004.6119385981,,,,,,,,,119716899.79,-4.4133312598,113515475.6,-7.0440206211,6201424.19,98.3254060193,,,,,,,,,,,
300398.SZ,300398,飞凯材料,10181825,通用,2020-03-31 00:00:00,一季报,2020一季报,058001001,2020-04-24 00:00:00,2021-04-29 00:00:00,CNY,368184656.43,-1.2755100993,368184656.43,-1.2755100993,,,,,,,,,,,308288816.43,5.1750238015,220216135.7,8.3156637982,,,,,22475008.19,-3.0138556992,,,,,,,,,,,,,3041333.48,-13.511099127,18643181.83,-13.0179513642,28658008.0,-9.5759554825,,,15255149.23,52.642091487,18119005.34,70.1672321902,2107818.13,151.2209976804,,,,,,,-249227.74,,,,,,,,,,,,-13300.19,-100.9007183682,-794560.32,,2226138.71,-56.9812472612,,,0,,61064890.46,-29.8416030969,178345.85,281.1469252471,,,241651.5,-14.9245105382,,,,,0,,61001584.81,-29.7227727381,6591904.42,-41.122134479,,,,,,,54409680.39,-28.0347191489,,,54409680.39,-28.0347191489,,,52382389.07,-28.8498010431,2027291.32,2.2236633783,50728737.19,-26.3304308722,,,,,0.1,-41.1764705882,0.1,-41.1764705882,1921224.93,243.4491526355,1921224.93,243.4491526355,,,,,,,,,,,,,,,,,,,,,1921224.93,243.4491526355,,,,,,,,,,,,,,,1921224.93,243.4491526355,,,,,,,,,56330905.32,-24.1499599024,54303614.0,-24.8735599635,2027291.32,2.2236633783,,,,,,,,,,,
300398.SZ,300398,飞凯材料,10181825,通用,2019-12-31 00:00:00,年报,2019年报,058001001,2020-03-24 00:00:00,2021-03-18 00:00:00,CNY,1513307757.53,4.6750384055,1513307757.53,4.6750384055,,,,,,,,,,,1309778724.31,13.8744516769,870582993.45,12.3651454123,,,,,121643042.11,6.7101573295,,,,,,,,,,,,,15497592.94,-4.9220941864,106917489.51,8.0512326496,157953314.18,28.0248584475,,,37184292.12,63.1350212736,35177642.67,28.0597632438,3983830.04,41.3124087928,,,,,,,70925133.06,,1491019.11,92.9181084124,,,,,,,-1383445.41,-292.230052052,-2043793.94,-293.5117142064,-1660922.29,,34915756.77,15.7268308298,,,0,,305772780.52,-6.8458728693,1790492.16,-24.1613423361,,,3751494.85,217.3534036536,,,,,0,,303811777.83,-7.774499418,41573741.73,1.1810406119,,,,,,,262238036.1,-9.050689829,,,262238036.1,-9.050689829,,,255136472.4,-10.301171522,7101563.7,82.2089844129,167814624.15,-34.8656939153,,,,,0.5,-25.3731343284,0.5,-25.3731343284,3014636.85,194.433631563,2815421.43,174.9766546558,199215.42,,,,,,464835.97,,,,464835.97,,,,,,,,,,2350585.46,129.5770428491,,,,,,,,,,,,,,,2350585.46,129.5770428491,,,,,,,,,265252672.95,-8.3306727214,257951893.83,-9.636625975,7300779.12,87.3203712695,,,,,,,,,,,标准无保留意见
300398.SZ,300398,飞凯材料,10181825,通用,2019-09-30 00:00:00,三季报,2019三季报,058001001,2019-10-30 00:00:00,2020-10-29 00:00:00,CNY,1111622356.21,1.0204963732,1111622356.21,1.0204963732,,,,,,,,,,,925060472.04,10.8068767099,638602608.84,12.3687468074,,,,,82601604.65,-5.9475684468,,,,,,,,,,,,,11136559.1,-5.1257403724,75967270.53,8.6667244016,92264358.19,9.522739902,,,24488070.73,91.0664027198,27562715.43,38.8055914239,2605830.27,12.7028161645,,,,,,,,,1555209.0,101.2234292999,,,,,,,112446.95,-82.3876591546,1704652.6,-52.3981054539,,,29036559.59,198.9159325066,,,0,,218970752.31,-21.8684107649,716626.97,-96.0007191872,,,1143524.47,1134.6989628643,,,,,0,,218543854.81,-26.6840988213,28265953.54,-29.39351749,,,,,,,190277901.27,-26.2637713724,,,190277901.27,-26.2637713724,,,184629326.04,-27.5533260024,5648575.23,76.3233755421,160012790.04,-30.9329247664,,,,,0.36,-40.0,0.36,-40.0,1713769.69,192.5785235029,1713769.69,192.5785235029,,,,,,,,,,,,,,,,,,,,,1713769.69,192.5785235029,,,,,,,,,,,,,,,1713769.69,192.5785235029,,,,,,,,,191991670.96,-25.7681509837,186343095.73,-27.0485326564,5648575.23,76.3233755421,,,,,,,,,,,
300398.SZ,300398,飞凯材料,10181825,通用,2019-06-30 00:00:00,中报,2019中报,058001001,2019-08-16 00:00:00,2020-08-20 00:00:00,CNY,746324362.33,0.4993228161,746324362.33,0.4993228161,,,,,,,,,,,615871305.94,8.1853341888,425418392.16,10.16703177,,,,,55235797.89,-1.9215504058,,,,,,,,,,,,,8719706.2,15.4600855972,45839576.65,-4.5412663135,60467710.01,-2.5443713859,,,20190123.03,119.9394487184,20901396.27,162.883329509,1888412.52,49.5963278702,,,,,,,,,1555209.0,101.2234292999,,,,,,,406573.84,-37.6901805483,1571149.99,246.8241424659,,,9103647.19,93.3540973466,,,0,,143089636.41,-20.4742459294,579294.56,-77.9129623762,,,640364.88,1457.2916813593,,,,,0,,143028566.09,-21.6326214866,17437409.96,-28.7669254269,,,,,,,125591156.13,-20.5275008011,,,125591156.13,-20.5275008011,,,122464262.65,-21.356826361,3126893.48,35.3898113917,112901478.43,-23.8534751023,,,,,0.24,-33.3333333333,0.24,-33.3333333333,-346808.39,45.9042244987,-346808.39,45.9042244987,,,,,,,,,,,,,,,,,,,,,-346808.39,45.9042244987,,,,,,,,,,,,,,,-346808.39,45.9042244987,,,,,,,,,125244347.74,-20.4241330569,122117454.26,-21.2553476274,3126893.48,35.3898113917,,,,,,,,,,,
300398.SZ,300398,飞凯材料,10181825,通用,2019-03-31 00:00:00,一季报,2019一季报,058001001,2019-04-26 00:00:00,2020-04-24 00:00:00,CNY,372941563.74,3.6250986732,372941563.74,3.6250986732,,,,,,,,,,,293119797.16,3.4544196182,203309593.44,5.9223718998,,,,,23173421.68,2.8763933703,,,,,,,,,,,,,3516443.67,-3.8835584053,21433367.14,-12.6206192768,31692906.63,-7.1206097188,,,9994064.6,65.8293230463,10647764.03,90.7299597406,839029.44,14.3559181391,-1476620.27,-379.7895877031,,,,,,,,,,,,,,,565408.89,-10.9860756798,1476620.27,,,,5174809.98,66.5349725181,,,0,,87038605.72,7.862324422,46791.89,-92.2198438013,,,284043.62,3.0108904595,,,,,0,,86801353.99,7.1359063298,11195895.71,81.2572141116,,,,,,,75605458.28,1.0186719387,,,75605458.28,1.0186719387,,,73622266.47,0.2735006149,1983191.81,39.5047204626,68859826.1,-1.0855155183,,,,,0.17,0.0,0.17,0.0,-1339307.27,-25.0870897674,-1339307.27,-25.0870897674,,,,,,,,,,,,,,,,,,,,,-1339307.27,-25.0870897674,,,,,,,,,,,,,,,-1339307.27,-25.0870897674,,,,,,,,,74266151.01,0.6693533935,72282959.2,-0.0937091627,1983191.81,39.5047204626,,,,,,,,,,,
300398.SZ,300398,飞凯材料,10181825,通用,2018-12-31 00:00:00,年报,2018年报,058001001,2019-02-26 00:00:00,2020-04-03 00:00:00,CNY,1445719801.57,76.228294791,1445719801.57,76.228294791,,,,,,,,,,,1150195416.99,52.6165417887,774780284.63,70.7369645487,,,,,113993873.83,35.2997292913,,,,,,,,,,,,,16299888.82,59.421609799,98950735.58,48.2532548187,123377066.06,21.4101007148,,,22793568.07,24.7532240848,27469707.72,76.8711620819,2819165.05,97.1729495306,-1056160.32,-105.6322565819,,,,,,,772876.7,-78.5207641675,,,,,,,719682.17,311.2208415127,1056160.32,,,,30170839.83,637.0351397213,,,0,,328243943.6,343.1651089794,2360922.8,-51.4213240715,,,1182118.99,18.1497640391,,,,,0,,329422747.41,322.7294248517,41088470.21,514.5181510042,,,,,,,288334277.2,228.2497401768,,,288334277.2,228.2497401768,,,284436794.47,239.3732592599,3897482.73,-3.229043981,257643988.61,248.8093786844,,,,,0.67,148.1481481481,0.67,148.1481481481,1023876.53,-55.1252718431,1023876.53,-55.1252718431,,,,,,,,,,,,,,,,,,,,,1023876.53,-55.1252718431,,,,,,,,,,,,,,,1023876.53,-55.1252718431,,,,,,,,,289358153.73,221.0754541132,285460671.0,231.568563897,3897482.73,-3.229043981,,,,,,,,,,,标准无保留意见
300398.SZ,300398,飞凯材料,10181825,通用,2018-09-30 00:00:00,三季报,2018三季报,058001001,2018-10-25 00:00:00,2019-10-30 00:00:00,CNY,1100392886.71,130.1443286273,1100392886.71,130.1443286273,,,,,,,,,,,834840309.11,98.5156317177,568309807.65,99.3705669459,,,,,87825060.22,96.8869162901,,,,,0.0,,,,,,,,11738230.31,118.6120162224,69908494.02,121.4899091724,84242193.24,92.7088072422,,,12816523.67,36.8853499609,19857064.22,104.8570268932,2312125.25,82.4455846658,-3581060.41,-510.4418037495,,,0.0,,,,772876.7,-68.4070882602,,,,,,,638455.45,,3581060.41,,,,9713955.14,,,,0,,280258925.3,366.8129077221,17918896.01,1230.2328197103,,,92615.65,-90.8070921404,,,0.0,,0,,298085205.66,393.712676318,40033085.54,333.6105299133,,,,,,,258052120.12,404.5623489585,,,258052120.12,404.5623489585,,,254848588.42,416.5887445882,3203531.7,76.9145365285,231677379.56,389.5262366728,,,,,0.6,328.5714285714,0.6,328.5714285714,585746.92,-70.5632918485,585746.92,-70.5632918485,,,,,,,,,,,,,,,,,,,,,585746.92,-70.5632918485,,,,,,,,,,,,,,,585746.92,-70.5632918485,,,,,,,,,258637867.04,386.7689072699,255434335.34,397.7012333222,3203531.7,76.9145365285,,,,,,,,,,,
300398.SZ,300398,飞凯材料,10181825,通用,2018-06-30 00:00:00,中报,2018中报,058001001,2018-08-17 00:00:00,2019-08-16 00:00:00,CNY,742616309.66,198.2351227435,742616309.66,198.2351227435,,,,,,,,,,,569274301.88,157.4222972672,386157623.86,164.8358240751,,,,,56317976.19,,,,,,0.0,,,,,,,,7552139.04,154.7639591954,48020306.66,179.1284154748,62046400.88,27.1834134204,,,9179855.25,71.2714435532,7950826.06,,1262338.82,,-453010.56,-144.3647929445,,,0.0,,,,772876.7,-22.71233,,,,,,,652503.64,751.083691577,453010.56,,,,4708277.36,,,,0,,179928676.04,525.6367002606,2622780.7,2372.2580125814,,,41120.42,-87.2019767017,,,0.0,,0,,182510336.32,539.3982973432,24479372.91,658.8329036342,,,,,,,158030963.41,524.1804818943,,,158030963.41,524.1804818943,,,155721414.82,542.4266985668,2309548.59,114.1265426661,148268720.84,530.5051365482,,,,,0.36,414.2857142857,0.36,414.2857142857,-641100.69,-863.4609445574,-641100.69,-863.4609445574,,,,,,,,,,,,,,,,,,,,,-641100.69,-863.4609445574,,,,,,,,,,,,,,,-641100.69,-863.4609445574,,,,,,,,,157389862.72,523.2864317085,155080314.13,541.5429828487,2309548.59,114.1265426661,,,,,,,,,,,
300398.SZ,300398,飞凯材料,10181825,通用,2018-03-31 00:00:00,一季报,2018一季报,058001001,2018-04-27 00:00:00,2019-04-26 00:00:00,CNY,359895014.35,226.6374270647,359895014.35,226.6374270647,,,,,,,,,,,283332310.25,202.1934404085,191942070.21,196.4541865096,,,,,22525499.7,,,,,,0,,,,,,,,3658524.61,530.1574552827,24529090.23,263.7823583507,34122647.16,71.7608741153,,,6026717.36,248.2426241735,5582638.43,,733700.06,,527760.98,471.781648634,,,0,,,,388931.5,-61.10685,,,,,,,635191.51,,,,,,3107341.3,,,,0,,80694168.41,363.1416684095,601426.1,68400.3359947152,,,275741.35,250.3780389498,,,0,,0,,81019853.16,367.0972010801,6176800.06,156.2029558433,,,,,,,74843053.1,401.1422245398,,,74843053.1,,,,73421458.33,398.2845096649,1421594.77,612.0545529159,69615513.3,370.3435053451,,,,,0.17,325.0,0.17,325.0,-1070699.84,-3326.9026130471,-1070699.84,-3326.9026130471,,,,,,,,,,,,,,,,,,,,,-1070699.84,-3326.9026130471,,,,,,,,,,,,,,,-1070699.84,-3326.9026130471,,,,,,,,,73772353.26,392.8778747215,72350758.49,389.9148558982,1421594.77,612.0545529159,,,,,,,,,,,
300398.SZ,300398,飞凯材料,10181825,通用,2017-12-31 00:00:00,年报,2017年报,058001001,2018-03-16 00:00:00,2019-02-26 00:00:00,CNY,820367582.45,109.7911371221,820367582.45,109.7911371221,,,,,,,,,,,753650556.82,120.2799758219,453785907.86,109.6725485938,,,,,84252846.94,,,,,,0,,,,,,,,10224391.06,87.3779857959,66744393.37,181.0225656931,101620100.25,15.3466156336,,,18270925.05,183.4816322326,15530913.8,,1429793.01,,18751992.29,859.1957190717,,,0,,,,3598250.45,65.8570566281,,,,,,,-340724.98,-3194.6808452664,,,,,4093541.57,,,,0,,74068092.67,44.9824661056,4859998.25,-78.6978777952,,,1000525.9,141.6745688944,,,0,,0,,77927565.02,6.040859027,-9912345.24,-271.9263385265,,,,,,,87839910.26,29.7051096316,,,87839910.26,29.7051096316,,,83812376.7,23.6411006883,4027533.56,6388.9068667108,73863836.34,51.5548307144,,,,,0.27,-58.4615384615,0.27,-58.4615384615,2281632.83,589.4058018453,2281632.83,589.4058018453,,,,,,,,,,,,,,,,,,,,,2281632.83,589.4058018453,,,,,,,,,,,,,,,2281632.83,589.4058018453,,,,,,,,,90121543.09,32.4270253387,86094009.53,26.3899198872,4027533.56,6388.9068667108,,,,,,,,,,,标准无保留意见
300398.SZ,300398,飞凯材料,10181825,通用,2017-09-30 00:00:00,三季报,2017三季报,058001001,2017-10-27 00:00:00,2018-10-25 00:00:00,CNY,478131654.72,64.081381597,478131654.72,64.081381597,,,,,,,,,,,420541345.73,69.6107171928,285052009.61,80.6122585284,,,,,44606854.47,,,,,,0,,,,,,,,5369435.09,175.0510541037,31562834.75,108.4107055718,43714760.34,-34.0900246768,,,9362962.27,63.2888378555,9693133.07,,1267295.81,,872489.2,-9.4928074937,,,0,,,,2446361.09,-20.8393381472,,,,,,,,,,,,,,,,,0,,60036670.08,28.987859761,1347049.61,-90.5759000349,,,1007468.49,205.6783030127,272897.75,854.7524427905,0,,0,,60376251.2,-0.218593023,9232498.47,30.4267910147,,,,,,,51143752.73,-4.2786643347,,,51143752.73,,,,49332973.49,-7.7713917204,1810779.24,3115.6704747687,47326856.5,13.7095131497,,,,,0.14,-72.5490196078,0.14,-72.5490196078,1989851.98,751.4655184917,1989851.98,751.4655184917,,,,,,,,,,,,,,,,,,,,,1989851.98,751.4655184917,,,,,,,,,,,,,,,1989851.98,751.4655184917,,,,,,,,,53133604.71,0.017338645,51322825.47,-3.5002979702,1810779.24,3115.6704747687,,,,,,,,,,,
300398.SZ,300398,飞凯材料,10181825,通用,2017-06-30 00:00:00,中报,2017中报,058001001,2017-08-29 00:00:00,2018-08-17 00:00:00,CNY,249003639.42,27.6514513072,249003639.42,27.6514513072,,,,,,,,,,,221144130.84,35.7146796155,145810192.11,42.2908117534,,,,,,,,,,,0,,,,,,,,2964367.12,102.3003878384,17203661.11,58.5856195802,48784978.49,8.0301820903,,,5359828.27,166.9059390745,,,,,1021103.74,2.7103741111,,,0,,,,1000000.0,-53.9061944318,,,,,,,-100218.09,,,,,,,,,,0,,28759290.49,-16.1216810945,106088.47,-99.1878607087,,,321302.9,1024.0435395892,100218.09,250.6202093615,0,,0,,28544076.06,-39.6801200999,3225924.02,-70.8953818304,,,,,,,25318152.04,-30.1323146489,,,25318152.04,,,,24239561.52,-33.1087808205,1078590.52,,23515862.48,-9.7015362199,,,,,0.07,-80.0,0.07,-80.0,-66541.43,-168.084455243,-66541.43,-168.084455243,,,,,,,,,,,,,,,,,,,,,-66541.43,-168.084455243,,,,,,,,,,,,,,,-66541.43,-168.084455243,,,,,,,,,25251610.61,-30.5033772827,24173020.09,-33.4718373779,1078590.52,,,,,,,,,,,,
300398.SZ,300398,飞凯材料,10181825,通用,2017-03-31 00:00:00,一季报,2017一季报,058001001,2017-04-27 00:00:00,2018-04-27 00:00:00,CNY,110181805.43,9.2954071853,110181805.43,9.2954071853,,,,,,,,,,,93758590.48,15.9902073399,64745946.91,19.8790088607,,,,,,,,,,,0,,,,,,,,580573.09,18.1248838102,6742792.68,48.2786196552,19866367.9,-3.1139461338,,,1730608.76,162.2699557389,,,,,92301.14,-85.1169435023,,,0,,,,1000000.0,294.5945907553,,,,,,,,,,,,,,,,,0,,17423214.95,-13.8796533911,877.99,-96.3667850854,,,78698.24,5353521.76870748,,,0,,0,,17345394.7,-14.366587739,2410901.17,-21.8023247931,,,,,,,14934493.53,-13.0315897174,,,,,,,14734846.64,-14.1941984531,199646.89,,14800993.85,-13.7057857999,,,,,0.04,-76.4705882353,0.04,-76.4705882353,33180.42,1270.0726732183,33180.42,1270.0726732183,,,,,,,,,,,,,,,,,,,,,33180.42,1270.0726732183,,,,,,,,,,,,,,,33180.42,1270.0726732183,,,,,,,,,14967673.95,-12.8506599557,14768027.06,-14.0131047526,199646.89,,,,,,,,,,,,
300398.SZ,300398,飞凯材料,10181825,通用,2016-12-31 00:00:00,年报,2016年报,058001001,2017-02-21 00:00:00,2018-03-16 00:00:00,CNY,391040152.46,-9.4966869708,391040152.46,-9.4966869708,,,,,,,,,,,342133030.48,5.8134282319,216425998.97,-2.434777761,,,,,,,,,,,0.0,,,,,,,,5456559.38,111.1735429091,23750545.87,5.0932194459,88099767.55,18.2464963808,,,6445188.32,308.2450912068,,,,,1954970.39,708.6348746051,,,0.0,,,,2169488.91,789.0865917393,,,,,,,11010.02,,,,,,,,,,0,,51087620.91,-53.1222989106,22814620.08,79.2194592271,39593.11,,413997.18,3195.0068367878,28583.09,1361.4526025156,0.0,,0,,73488243.81,-39.6142902853,5765460.56,-65.0254065665,,,,,,,67722783.25,-35.6329052129,,,67722783.25,,,,67786825.12,-35.5720366408,-64041.87,,48737368.51,-48.1624950422,,,,,0.65,-35.6435643564,0.65,-35.6435643564,330956.43,81.2939154682,330956.43,81.2939154682,,,,,,,,,,,,,,,,,,,,,330956.43,81.2939154682,,,,,,,,,,,,,,,330956.43,81.2939154682,,,,,,,,,68053739.68,-35.4303805271,68117781.55,-35.3696173832,-64041.87,,,,,,,,,,,,标准无保留意见
300398.SZ,300398,飞凯材料,10181825,通用,2016-09-30 00:00:00,三季报,2016三季报,058001001,2016-10-28 00:00:00,2017-10-27 00:00:00,CNY,291399091.15,-13.289644774,291399091.15,-13.289644774,,,,,,,,,,,247945031.24,1.288153674,157825394.54,-10.3401339679,,,,,,,,,,,,,,,,,,,1952159.43,-9.2867641871,15144536.2,-0.9629714557,66324953.28,34.1341206988,,,5733987.94,564.7029109655,,,,,963999.85,-4.7196204393,,,,,,,3090374.73,,,,,,,,,,,,,,,,,,0,,46544434.64,-49.0027817459,14293668.52,63.151849515,28393.11,14745.2943636934,329584.56,551.82165593,28583.09,-28.4618482329,,,0,,60508518.6,-39.4787550108,7078682.53,-57.7662097585,,,,,,,53429836.07,-35.795540674,,,,,,,53489881.73,-35.7233862484,-60045.66,,41620841.73,-45.0980413275,,,,,0.51,-42.6966292135,0.51,-42.6966292135,-305442.41,-339.6536677181,-305442.41,-339.6536677181,,,,,,,,,,,,,,,,,,,,,-305442.41,-339.6536677181,,,,,,,,,,,,,,,-305442.41,-339.6536677181,,,,,,,,,53124393.66,-36.2601980525,53184439.32,-36.1881539648,-60045.66,,,,,,,,,,,,
300398.SZ,300398,飞凯材料,10181825,通用,2016-06-30 00:00:00,中报,2016中报,058001001,2016-08-26 00:00:00,2017-08-29 00:00:00,CNY,195065263.16,-10.8742889072,195065263.16,-10.8742889072,,,,,,,,,,,162947833.99,0.7847313712,102473371.48,-10.5711976624,,,,,,,,,,,,,,,,,,,1465329.43,8.4304951842,10848184.82,-1.2300089605,45158656.17,32.4921919208,,,2008133.76,380.7057976295,,,,,994158.33,288.1820627537,,,,,,,2169488.91,,,,,,,,,,,,,,,,,,0,,34286918.08,-40.0433932462,13062841.7,117.1956467592,,,28584.56,-29.5315185212,28583.09,-28.4618482329,,,0,,47321175.22,-25.077277631,11083890.54,-2.8624064677,,,,,,,36237284.68,-29.9755480504,,,,,,,36237284.68,-29.9755480504,,,26042372.7,-44.2010291734,,,,,0.35,-30.0,0.35,-30.0,97733.66,3742.9179526174,97733.66,3742.9179526174,,,,,,,,,,,,,,,,,,,,,97733.66,3742.9179526174,,,,,,,,,,,,,,,97733.66,3742.9179526174,,,,,,,,,36335018.34,-29.7830485655,36335018.34,-29.7830485655,,,,,,,,,,,,,
300398.SZ,300398,飞凯材料,10181825,通用,2016-03-31 00:00:00,一季报,2016一季报,058001001,2016-04-27 00:00:00,2017-04-27 00:00:00,CNY,100811011.43,-5.958555773,100811011.43,-5.958555773,,,,,,,,,,,80833195.0,2.660648998,54009411.26,-4.6579719618,,,,,,,,,,,,,,,,,,,491490.93,-22.0357867577,4547380.26,5.4014014029,20504878.78,29.7688569087,,,659857.8,-20.7041984795,,,,,620175.97,21.0789379166,,,,,,,253424.66,26.6649129898,,,,,,,,,,,,,,,,,0,,20231241.09,-29.4102791,24165.65,-80.2851056817,,,1.47,,,,,,0,,20255405.27,-29.6269410757,3083085.48,-34.10178778,,,,,,,17172319.79,-28.7583910303,,,,,,,17172319.79,-28.7583910303,,,17151780.09,-28.5346990822,,,,,0.17,-43.3333333333,0.17,-43.3333333333,2421.8,101.7070948619,2421.8,101.7070948619,,,,,,,,,,,,,,,,,,,,,2421.8,101.7070948619,,,,,,,,,,,,,,,2421.8,101.7070948619,,,,,,,,,17174741.59,-28.3265075876,17174741.59,-28.3265075876,,,,,,,,,,,,,
300398.SZ,300398,飞凯材料,10181825,通用,2015-12-31 00:00:00,年报,2015年报,058001001,2016-03-18 00:00:00,2017-02-21 00:00:00,CNY,432072748.91,7.3692510602,432072748.91,7.3692510602,,,,,,,,,,,323336117.35,8.0624107654,221826993.27,0.7943810854,,,,,,,,,,,,,,,,,,,2583921.88,-11.1626476543,22599503.56,23.1713260194,74505182.18,40.8165847199,,,1578754.64,-64.6095894942,,,,,241761.82,-52.2857699301,,,,,,,244013.23,,,,,,,,,,,,,,,,,,0,,108980644.79,5.596078347,12729990.47,611.7613223084,,,12564.38,1320.9081142211,1955.8,121.1817924795,,,0,,121698070.88,15.9108328574,16484710.74,10.5477073394,,,,,,,105213360.14,16.7986354941,,,,,,,105213360.14,16.7986354941,,,94019510.68,6.1629681871,,,,,1.01,-27.3381294964,1.01,-27.3381294964,182552.42,2209.0481105394,182552.42,2209.0481105394,,,,,,,,,,,,,,,,,,,,,182552.42,2209.0481105394,,,,,,,,,,,,,,,182552.42,2209.0481105394,,,,,,,,,105395912.56,16.9910214439,105395912.56,16.9910214439,,,,,,,,,,,,,标准无保留意见
300398.SZ,300398,飞凯材料,10181825,通用,2015-09-30 00:00:00,三季报,2015三季报,058001001,2015-10-27 00:00:00,2016-10-28 00:00:00,CNY,336060312.97,19.4512869884,336060312.97,19.4512869884,,,,,,,,,,,244791737.48,19.4943228636,176026801.65,14.7790188067,,,,,,,,,,,,,,,,,,,2152011.68,-1.7076777813,15291791.79,35.6933334448,49446742.51,45.022987762,,,862639.21,-74.0184831025,,,,,1011750.64,63.1541272969,,,,,,,,,,,,,,,,,,,,,,,,,0,,91268575.49,19.3360132508,8760960.15,197.2420860826,191.26,,50563.61,,39955.03,,,,0,,99978972.03,25.8741166199,16760708.64,40.0108052028,,,,,,,83218263.39,23.3653907719,,,,,,,83218263.39,23.3653907719,,,75809393.21,16.2675769723,,,,,0.89,-17.5925925926,0.89,-17.5925925926,127451.59,-30.9064740666,127451.59,-30.9064740666,,,,,,,,,,,,,,,,,,,,,127451.59,-30.9064740666,,,,,,,,,,,,,,,127451.59,-30.9064740666,,,,,,,,,83345714.98,23.2173874829,83345714.98,23.2173874829,,,,,,,,,,,,,
300398.SZ,300398,飞凯材料,10181825,通用,2015-06-30 00:00:00,中报,2015中报,058001001,2015-08-18 00:00:00,2016-08-26 00:00:00,CNY,218865309.2,25.6191941425,218865309.2,25.6191941425,,,,,,,,,,,161679087.47,23.078533361,114586541.25,16.858039186,,,,,,,,,,,,,,,,,,,1351399.74,1.5965318423,10983280.15,43.0242963446,34084013.19,56.3987790302,,,417746.94,-80.4672425965,,,,,256106.2,-29.8644507911,,,,,,,,,,,,,,,,,,,,,,,,,0,,57186221.73,33.4049115428,6014320.22,434.403510462,191.26,,40563.61,,39955.03,,,,0,,63159978.34,43.571245891,11410505.59,79.0844647913,,,,,,,51749472.75,37.5565674519,,,,,,,51749472.75,37.5565674519,,,46671779.63,27.2963102708,,,,,0.5,-20.6349206349,0.5,-20.6349206349,-2682.84,-115.0464291062,-2682.84,-115.0464291062,,,,,,,,,,,,,,,,,,,,,-2682.84,-115.0464291062,,,,,,,,,,,,,,,-2682.84,-115.0464291062,,,,,,,,,51746789.91,37.4842748252,51746789.91,37.4842748252,,,,,,,,,,,,,
300398.SZ,300398,飞凯材料,10181825,通用,2015-03-31 00:00:00,一季报,2015一季报,058001001,2015-04-27 00:00:00,2016-04-27 00:00:00,CNY,107198493.45,42.0122017486,107198493.45,42.0122017486,,,,,,,,,,,78738246.63,38.4475820185,56648062.11,33.3943278825,,,,,,,,,,,,,,,,,,,630405.81,32.2080644666,4314345.16,60.3920649917,15801078.37,63.7698997825,,,832147.21,-29.9900567291,,,,,512207.97,27.4252957816,,,,,,,200074.87,,,,,,,,,,,,,,,,,,0,,28660321.69,53.9787529392,122575.6,-61.8144548287,,,0.0,,,,,,0,,28782897.29,52.0156551892,4678557.09,52.906790266,,,,,,,24104340.2,51.84389173,,,,,,,24104340.2,51.84389173,,,24000150.94,,,,,,0.3,15.3846153846,0.3,15.3846153846,-141866.75,-975.4029401674,-141866.75,-975.4029401674,,,,,,,,,,,,,,,,,,,,,-141866.75,-975.4029401674,,,,,,,,,,,,,,,-141866.75,-975.4029401674,,,,,,,,,23962473.45,50.7962654825,23962473.45,50.7962654825,,,,,,,,,,,,,
300398.SZ,300398,飞凯材料,10181825,通用,2014-12-31 00:00:00,年报,2014年报,058001001,2015-03-18 00:00:00,2016-03-18 00:00:00,CNY,402417586.64,24.4986046076,402417586.64,24.4986046076,,,,,,,,,,,299212385.75,18.9684686155,220078729.47,21.1537113837,,,,,,,,,,,,,,,,,,,2908598.48,16.9630113191,18348023.27,21.9669694442,52909380.19,14.9885538366,,,4460967.3,-25.4845721925,,,,,506687.04,56.5985202035,,,,,,,,,,,,,,,,,,,,,,,,,0,,103205200.89,43.8901792855,1788519.56,-18.2107852614,100.0,,884.25,,884.25,,,,0,,104992836.2,42.0516718918,14911852.21,75.9553730131,,,,,,,90080983.99,37.6607748213,,,,,,,90080983.99,37.6607748213,,,88561493.98,39.2953818877,,,,,1.39,27.5229357798,1.39,27.5229357798,7905.96,123.0403709792,7905.96,123.0403709792,,,,,,,,,,,,,,,,,,,,,7905.96,123.0403709792,,,,,,,,,,,,,,,7905.96,123.0403709792,,,,,,,,,90088889.95,37.7450867452,90088889.95,37.7450867452,,,,,,,,,,,,,标准无保留意见
300398.SZ,300398,飞凯材料,10181825,通用,2014-09-30 00:00:00,三季报,2014三季报,058001001,2014-10-28 00:00:00,2015-10-27 00:00:00,CNY,281336703.39,14.3675830689,281336703.39,14.3675830689,,,,,,,,,,,204856374.44,11.1182033532,153361479.72,12.1509356595,,,,,,,,,,,,,,,,,,,2189399.57,11.604839575,11269375.88,18.3615382233,34095796.31,7.9313086595,,,3320203.41,-24.0561800521,,,,,620119.55,268.512138589,,,,,,,,,,,,,,,,,,,,,,,,,0,,76480328.95,24.0870257859,2947415.78,275.1251700234,,,,,,,,,0,,79427744.73,27.2469753542,11971010.82,51.198714348,,,,,,,67456733.91,23.7675988137,,,,,,,67456733.91,23.7675988137,,,65202522.65,,,,,,1.08,18.6813186813,1.08,18.6813186813,184462.42,403.7375396956,184462.42,,,,,,,,,,,,,,,,,,,,,,184462.42,,,,,,,,,,,,,,,,184462.42,,,,,,,,,,67641196.33,24.244487059,67641196.33,24.244487059,,,,,,,,,,,,,
300398.SZ,300398,飞凯材料,10181825,通用,2014-06-30 00:00:00,中报,2014中报,058001001,2014-09-16 00:00:00,2015-08-18 00:00:00,CNY,174229193.79,,174229193.79,,,,,,,,,,,,131362539.88,,98056190.27,,,,,,,,,,,,0.0,,,,,,,,1330163.26,,7679310.74,,21793017.44,,,,2138699.27,,,,,,365158.9,,,,0.0,,,,,,,,,,,,,,,,,,,,,,0,,42866653.91,,1125426.78,,,,,,,,0.0,,0,,43992080.69,,6371577.57,,,,,,,,37620503.12,,,,,,,,37620503.12,,,,36663890.36,,,,,,0.63,,0.63,,17830.41,,17830.41,,,,,,,,,,,,,,,,,,,,,,17830.41,,,,,,,,,,,,,,,,17830.41,,,,,,,,,,37638333.53,,37638333.53,,,,,,,,,,,,,,标准无保留意见
300398.SZ,300398,飞凯材料,10181825,通用,2014-03-31 00:00:00,一季报,2014一季报,058001001,2015-04-27 00:00:00,2015-04-27 00:00:00,CNY,75485410.5,,75485410.5,,,,,,,,,,,,56872243.98,,42466619.84,,,,,,,,,,,,,,,,,,,,476828.56,,2689874.44,,9648340.99,,,,1188612.89,,,,,,401967.26,,,,,,,,,,,,,,,,,,,,,,,,,,0,,18613166.52,,321000.0,,,,,,,,,,0,,18934166.52,,3059744.49,,,,,,,,15874422.03,,,,,,,,15874422.03,,,,,,,,,,0.26,,0.26,,16205.88,,16205.88,,,,,,,,,,,,,,,,,,,,,,16205.88,,,,,,,,,,,,,,,,16205.88,,,,,,,,,,15890627.91,,15890627.91,,,,,,,,,,,,,,
300398.SZ,300398,飞凯材料,10181825,通用,2013-12-31 00:00:00,年报,2013年报,058001001,2014-09-16 00:00:00,2015-03-18 00:00:00,CNY,323230599.98,23.6435245239,323230599.98,23.6435245239,,,,,,,,,,,251505620.97,20.9134209139,181652486.71,19.3941841712,,,,,,,,,,,0.0,,,,,,,,2486767.78,68.7006568523,15043436.23,44.7326956222,46012736.42,21.3051716329,,,5986635.83,3.9434104874,,,,,323558.0,7.6275385567,,,0.0,,,,,,,,,,,,,,,,,,,,,,0,,71724979.01,34.2745615175,2186742.55,46.6336756369,,,,,,,0.0,,0,,73911721.56,34.6156658113,8474792.19,2.6940295072,,,,,,,65436929.37,40.2622647608,,,,,,,65436929.37,40.2622647608,,,63578198.2,40.0785018734,,,,,1.09,39.7435897436,1.09,39.7435897436,-34313.51,-518.3060040363,-34313.51,,,,,,,,,,,,,,,,,,,,,,-34313.51,,,,,,,,,,,,,,,,-34313.51,,,,,,,,,,65402615.86,40.2053927065,65402615.86,40.2053927065,,,,,,,,,,,,,标准无保留意见
300398.SZ,300398,飞凯材料,10181825,通用,2013-09-30 00:00:00,三季报,2013三季报,058001001,2014-10-28 00:00:00,2014-10-28 00:00:00,CNY,245993397.64,,245993397.64,,,,,,,,,,,,184358969.33,,136745608.78,,,,,,,,,,,,,,,,,,,,1961742.5,,9521146.86,,31590274.16,,,,4371920.47,,,,,,168276.56,,,,,,,,,,,,,,,,,,,,,,,,,,0,,61634428.31,,785715.28,,,,,,,,,,0,,62420143.59,,7917402.52,,,,,,,,54502741.07,,,,,,,,54502741.07,,,,,,,,,,0.91,,0.91,,-60730.86,,,,,,,,,,,,,,,,,,,,,,,,,,,,,,,,,,,,,,,,,,,,,,,,,,54442010.21,,54442010.21,,,,,,,,,,,,,,
300398.SZ,300398,飞凯材料,10181825,通用,2012-12-31 00:00:00,年报,2012年报,058001001,2014-04-25 00:00:00,2014-09-16 00:00:00,CNY,261421373.44,28.3548653905,261421373.44,28.3548653905,,,,,,,,,,,208004718.64,30.3595529214,152145171.87,28.9486466461,,,,,,,,,,,0,,,,,,,,1474071.19,48.1843712184,10393944.62,28.7966564765,37931388.91,35.9792546102,,,5759514.53,28.8740172494,,,,,300627.52,108.0956039086,,,0,,,,,,,,,,,,,,,,,,,,,,0,,53416654.8,21.1029134351,1491296.28,-77.5332361258,,,2215.47,-99.6250805123,,,0,,0,,54905735.61,9.4713436458,8252468.26,7.1542915287,,,,,,,46653267.35,9.8916760076,,,,,,,46653267.35,9.8916760076,,,45387548.66,21.3572066131,,,,,0.78,9.8591549296,0.78,9.8591549296,-5549.6,,,,,,,,,,,,,,,,,,,,,,,,,,,,,,,,,,,,,,,,,,,,,,,,,,46647717.75,9.8786039362,46647717.75,9.8786039362,,,,,,,,,,,,,标准无保留意见
300398.SZ,300398,飞凯材料,10181825,通用,2011-12-31 00:00:00,年报,2011年报,058001001,2014-04-25 00:00:00,2014-09-16 00:00:00,CNY,203670793.97,,203670793.97,,,,,,,,,,,,159562313.6,,117988963.69,,,,,,,,,,,,0,,,,,,,,994754.83,,8070042.27,,27894982.23,,,,4469104.52,,,,,,144466.06,,,,0,,,,,,,,,,,,,,,,,,,,,,0,,44108480.37,,6637788.55,,,,590918.87,,,,0,,0,,50155350.05,,7701481.8,,,,,,,,42453868.25,,,,,,,,42453868.25,,,,37399961.59,,,,,,0.71,,0.71,,,,,,,,,,,,,,,,,,,,,,,,,,,,,,,,,,,,,,,,,,,,,,,,,,,,42453868.25,,42453868.25,,,,,,,,,,,,,,标准无保留意见
